// Modified for RealityIV ENB by DKT70 - Dec 2011. These settings have been edited to unify all light throughout the entire map.
// The timecyclemodifiers can be used to alter some of the timecycle settings depending on the
// area that the camera is in.
// There are boxes set up on the map to limit the far clip or to create an orange glow
// Interiors/portals also use these modifiers.

// EXAMPLE: notused                            -1.0       500.0        -1.0         300.0    255 255 255 255   1.0   255 255 255 255   1.0   255   0   0 255  20.0        1.00        0   0   0   0      0   0   0   0    64.0     -1    -100.0           1.0          2.3              1.0               0.1               0.2          10.0    128 128 128     0   0   0      0.0         1.0      1.0      1.0            1.0         1.0          0.0        32.0      0.0     10-1.0       0.0     0.0    -1.0    -1.0    -1.0    -1.0    -1.0    -1.0    -1.0 1.0f 1.0
//

// Line Number                       1              2               3              4                 5                      6                           7                         8                9               10              11          12          13         14                15               16           17            18                19                    20                21                 22               23             24             25         26            27                28             29              30              31           32         33            34             35                36           37             38             39             40             41               42             43                 44                  45                    46               47          48       49
// Name                         MinFarClip     MaxFarClip     MinFogStart     MaxFogStart     AmbientLight0 (RGBAM)   AmbientLight1 (RGBAM)     DirectionalLight(RGBAM)     Ped Shadow          Fog(RGBA)     NearFog(RGBA)   FogMultiplier  Near Fog     Axis     Temperature     PostFxStrength     Exposure     Exposure     Multiplier     BrightPassThreshold      MidGreyValue     IntensityBloom     ColourCorrect     ColourAdd     Desaturation     Contrast     Gamma     DesaturationFar     ContrastFar     GammaFar     DepthFxNear     DepthFxFar     LumMin     LumMax     LumAdaptDelay     GlobEnvRefl     MinFarDOF     MaxFarDOF     MinNearDOF     MaxNearDOF     NearBlurDOF     MidBlurDOF     FarBlurDOF     WaterReflection     ParticleHDR     AmbientOcclusionMult      SpecularPed     SkyMultiplier    Ped_AO  NearFogAmount
NIGHTSHADE                         -1.0          -1.0               0              0          130 140 150 200 7.0  150 150 150 200 4.0          0   0   0 255  0                 0.40           0  0  0  0     0  0  0  0                                   1          10              0                -1.0         -1.0          -1.0               1.0                  -1.0              -1.0           25 25 25          0  0  0           1.00            1.0        1.0          1.00               1.0           0.80              0               0           1.0       1.0           0.0           0.800              -1.0         -1.0            0.0            0.0            0.0           -1.0             -1.0           -1.0               -1.0                 0.96                 -1.0             -1.0         1.2       0
PIZZAREST                          -1.0          -1.0               0              0          130 140 150 200 7.0  150 150 150 200 4.0          0   0   0 255  0                 0.40           0  0  0  0     0  0  0  0                                   1          10              0                -1.0         -1.0          -1.0               1.0                  -1.0              -1.0           25 25 25          0  0  0           1.00            1.0        1.0          1.00               1.0           0.80              0               0           1.0       1.0           0.0           0.800              -1.0         -1.0            0.0            0.0            0.0           -1.0             -1.0           -1.0               -1.0                 0.96                 -1.0             -1.0         1.2       0
PIZZAREST2                         -1.0          -1.0               0              0          130 140 150 200 7.0  150 150 150 200 4.0          0   0   0 255  0                 0.40           0  0  0  0     0  0  0  0                                   1          10              0                -1.0         -1.0          -1.0               1.0                  -1.0              -1.0           25 25 25          0  0  0           1.00            1.0        1.0          1.00               1.0           0.80              0               0           1.0       1.0           0.0           0.800              -1.0         -1.0            0.0            0.0            0.0           -1.0             -1.0           -1.0               -1.0                 0.96                 -1.0             -1.0         1.2       0
BRUCIE_STUDIO                      -1.0          -1.0               0              0          130 140 150 200 7.0  150 150 150 200 4.0          0   0   0 255  0                 0.40           0  0  0  0     0  0  0  0                                   1          10              0                -1.0         -1.0          -1.0               1.0                  -1.0              -1.0           25 25 25          0  0  0           1.00            1.0        1.0          1.00               1.0           0.80              0               0           1.0       1.0           0.0           0.800              -1.0         -1.0            0.0            0.0            0.0           -1.0             -1.0           -1.0               -1.0                 0.96                 -1.0             -1.0         1.2       0
church                             -1.0          -1.0               0              0          130 140 150 200 7.0  150 150 150 200 4.0          0   0   0 255  0                 0.40           0  0  0  0     0  0  0  0                                   1          10              0                -1.0         -1.0          -1.0               1.0                  -1.0              -1.0           25 25 25          0  0  0           1.00            1.0        1.0          1.00               1.0           0.80              0               0           1.0       1.0           0.0           0.800              -1.0         -1.0            0.0            0.0            0.0           -1.0             -1.0           -1.0               -1.0                 0.96                 -1.0             -1.0         1.2       0
Faustins                           -1.0          -1.0               0              0          130 140 150 200 7.0  150 150 150 200 4.0          0   0   0 255  0                 0.40           0  0  0  0     0  0  0  0                                   1          10              0                -1.0         -1.0          -1.0               1.0                  -1.0              -1.0           25 25 25          0  0  0           1.00            1.0        1.0          1.00               1.0           0.80              0               0           1.0       1.0           0.0           0.800              -1.0         -1.0            0.0            0.0            0.0           -1.0             -1.0           -1.0               -1.0                 0.96                 -1.0             -1.0         1.2       0
Faustinsbase                       -1.0          -1.0               0              0          130 140 150 200 7.0  150 150 150 200 4.0          0   0   0 255  0                 0.40           0  0  0  0     0  0  0  0                                   1          10              0                -1.0         -1.0          -1.0               1.0                  -1.0              -1.0           25 25 25          0  0  0           1.00            1.0        1.0          1.00               1.0           0.80              0               0           1.0       1.0           0.0           0.800              -1.0         -1.0            0.0            0.0            0.0           -1.0             -1.0           -1.0               -1.0                 0.96                 -1.0             -1.0         1.2       0
LittleJacobs                       -1.0          -1.0               0              0          130 140 150 200 7.0  150 150 150 200 4.0          0   0   0 255  0                 0.40           0  0  0  0     0  0  0  0                                   1          10              0                -1.0         -1.0          -1.0               1.0                  -1.0              -1.0           25 25 25          0  0  0           1.00            1.0        1.0          1.00               1.0           0.80              0               0           1.0       1.0           0.0           0.800              -1.0         -1.0            0.0            0.0            0.0           -1.0             -1.0           -1.0               -1.0                 0.96                 -1.0             -1.0         1.2       0
Prison                             -1.0          -1.0               0              0          130 140 150 200 7.0  150 150 150 200 4.0          0   0   0 255  0                 0.40           0  0  0  0     0  0  0  0                                   1          10              0                -1.0         -1.0          -1.0               1.0                  -1.0              -1.0           25 25 25          0  0  0           1.00            1.0        1.0          1.00               1.0           0.80              0               0           1.0       1.0           0.0           0.800              -1.0         -1.0            0.0            0.0            0.0           -1.0             -1.0           -1.0               -1.0                 0.96                 -1.0             -1.0         1.2       0
BernieCrane                        -1.0          -1.0               0              0          130 140 150 200 7.0  150 150 150 200 4.0          0   0   0 255  0                 0.40           0  0  0  0     0  0  0  0                                   1          10              0                -1.0         -1.0          -1.0               1.0                  -1.0              -1.0           25 25 25          0  0  0           1.00            1.0        1.0          1.00               1.0           0.80              0               0           1.0       1.0           0.0           0.800              -1.0         -1.0            0.0            0.0            0.0           -1.0             -1.0           -1.0               -1.0                 0.96                 -1.0             -1.0         1.2       0
McRearyHouse                       -1.0          -1.0               0              0          130 140 150 200 7.0  150 150 150 200 4.0          0   0   0 255  0                 0.40           0  0  0  0     0  0  0  0                                   1          10              0                -1.0         -1.0          -1.0               1.0                  -1.0              -1.0           25 25 25          0  0  0           1.00            1.0        1.0          1.00               1.0           0.80              0               0           1.0       1.0           0.0           0.800              -1.0         -1.0            0.0            0.0            0.0           -1.0             -1.0           -1.0               -1.0                 0.96                 -1.0             -1.0         1.2       0
CopshopOffice                      -1.0          -1.0               0              0          130 140 150 200 7.0  150 150 150 200 4.0          0   0   0 255  0                 0.40           0  0  0  0     0  0  0  0                                   1          10              0                -1.0         -1.0          -1.0               1.0                  -1.0              -1.0           25 25 25          0  0  0           1.00            1.0        1.0          1.00               1.0           0.80              0               0           1.0       1.0           0.0           0.800              -1.0         -1.0            0.0            0.0            0.0           -1.0             -1.0           -1.0               -1.0                 0.96                 -1.0             -1.0         1.2       0
Michelles                          -1.0          -1.0               0              0          130 140 150 200 7.0  150 150 150 200 4.0          0   0   0 255  0                 0.40           0  0  0  0     0  0  0  0                                   1          10              0                -1.0         -1.0          -1.0               1.0                  -1.0              -1.0           25 25 25          0  0  0           1.00            1.0        1.0          1.00               1.0           0.80              0               0           1.0       1.0           0.0           0.800              -1.0         -1.0            0.0            0.0            0.0           -1.0             -1.0           -1.0               -1.0                 0.96                 -1.0             -1.0         1.2       0
sopranos                           -1.0          -1.0               0              0          130 140 150 200 7.0  150 150 150 200 4.0          0   0   0 255  0                 0.40           0  0  0  0     0  0  0  0                                   1          10              0                -1.0         -1.0          -1.0               1.0                  -1.0              -1.0           25 25 25          0  0  0           1.00            1.0        1.0          1.00               1.0           0.80              0               0           1.0       1.0           0.0           0.800              -1.0         -1.0            0.0            0.0            0.0           -1.0             -1.0           -1.0               -1.0                 0.96                 -1.0             -1.0         1.2       0
Manny                              -1.0          -1.0               0              0          130 140 150 200 7.0  150 150 150 200 4.0          0   0   0 255  0                 0.40           0  0  0  0     0  0  0  0                                   1          10              0                -1.0         -1.0          -1.0               1.0                  -1.0              -1.0           25 25 25          0  0  0           1.00            1.0        1.0          1.00               1.0           0.80              0               0           1.0       1.0           0.0           0.800              -1.0         -1.0            0.0            0.0            0.0           -1.0             -1.0           -1.0               -1.0                 0.96                 -1.0             -1.0         1.2       0
CIAoffice                          -1.0          -1.0               0              0          130 140 150 200 7.0  150 150 150 200 4.0          0   0   0 255  0                 0.40           0  0  0  0     0  0  0  0                                   1          10              0                -1.0         -1.0          -1.0               1.0                  -1.0              -1.0           25 25 25          0  0  0           1.00            1.0        1.0          1.00               1.0           0.80              0               0           1.0       1.0           0.0           0.800              -1.0         -1.0            0.0            0.0            0.0           -1.0             -1.0           -1.0               -1.0                 0.96                 -1.0             -1.0         1.2       0
portacabin                         -1.0          -1.0               0              0          130 140 150 200 7.0  150 150 150 200 4.0          0   0   0 255  0                 0.40           0  0  0  0     0  0  0  0                                   1          10              0                -1.0         -1.0          -1.0               1.0                  -1.0              -1.0           25 25 25          0  0  0           1.00            1.0        1.0          1.00               1.0           0.80              0               0           1.0       1.0           0.0           0.800              -1.0         -1.0            0.0            0.0            0.0           -1.0             -1.0           -1.0               -1.0                 0.96                 -1.0             -1.0         1.2       0
comclub                            -1.0          -1.0               0              0          130 140 150 200 7.0  150 150 150 200 4.0          0   0   0 255  0                 0.40           0  0  0  0     0  0  0  0                                   1          10              0                -1.0         -1.0          -1.0               1.0                  -1.0              -1.0           25 25 25          0  0  0           1.00            1.0        1.0          1.00               1.0           0.80              0               0           1.0       1.0           0.0           0.800              -1.0         -1.0            0.0            0.0            0.0           -1.0             -1.0           -1.0               -1.0                 0.96                 -1.0             -1.0         1.2       0
elizabetas                         -1.0          -1.0               0              0          130 140 150 200 7.0  150 150 150 200 4.0          0   0   0 255  0                 0.40           0  0  0  0     0  0  0  0                                   1          10              0                -1.0         -1.0          -1.0               1.0                  -1.0              -1.0           25 25 25          0  0  0           1.00            1.0        1.0          1.00               1.0           0.80              0               0           1.0       1.0           0.0           0.800              -1.0         -1.0            0.0            0.0            0.0           -1.0             -1.0           -1.0               -1.0                 0.96                 -1.0             -1.0         1.2       0
Bada                               -1.0          -1.0               0              0          130 140 150 200 7.0  150 150 150 200 4.0          0   0   0 255  0                 0.40           0  0  0  0     0  0  0  0                                   1          10              0                -1.0         -1.0          -1.0               1.0                  -1.0              -1.0           25 25 25          0  0  0           1.00            1.0        1.0          1.00               1.0           0.80              0               0           1.0       1.0           0.0           0.800              -1.0         -1.0            0.0            0.0            0.0           -1.0             -1.0           -1.0               -1.0                 0.96                 -1.0             -1.0         1.2       0
fau3_a                             -1.0          -1.0               0              0          130 140 150 200 7.0  150 150 150 200 4.0          0   0   0 255  0                 0.40           0  0  0  0     0  0  0  0                                   1          10              0                -1.0         -1.0          -1.0               1.0                  -1.0              -1.0           25 25 25          0  0  0           1.00            1.0        1.0          1.00               1.0           0.80              0               0           1.0       1.0           0.0           0.800              -1.0         -1.0            0.0            0.0            0.0           -1.0             -1.0           -1.0               -1.0                 0.96                 -1.0             -1.0         1.2       0
imbhst                             -1.0          -1.0               0              0          130 140 150 200 7.0  150 150 150 200 4.0          0   0   0 255  0                 0.40           0  0  0  0     0  0  0  0                                   1          10              0                -1.0         -1.0          -1.0               1.0                  -1.0              -1.0           25 25 25          0  0  0           1.00            1.0        1.0          1.00               1.0           0.80              0               0           1.0       1.0           0.0           0.800              -1.0         -1.0            0.0            0.0            0.0           -1.0             -1.0           -1.0               -1.0                 0.96                 -1.0             -1.0         1.2       0
em_4b                              -1.0          -1.0               0              0          130 140 150 200 7.0  150 150 150 200 4.0          0   0   0 255  0                 0.40           0  0  0  0     0  0  0  0                                   1          10              0                -1.0         -1.0          -1.0               1.0                  -1.0              -1.0           25 25 25          0  0  0           1.00            1.0        1.0          1.00               1.0           0.80              0               0           1.0       1.0           0.0           0.800              -1.0         -1.0            0.0            0.0            0.0           -1.0             -1.0           -1.0               -1.0                 0.96                 -1.0             -1.0         1.2       0
g_1                                -1.0          -1.0               0              0          130 140 150 200 7.0  150 150 150 200 4.0          0   0   0 255  0                 0.40           0  0  0  0     0  0  0  0                                   1          10              0                -1.0         -1.0          -1.0               1.0                  -1.0              -1.0           25 25 25          0  0  0           1.00            1.0        1.0          1.00               1.0           0.80              0               0           1.0       1.0           0.0           0.800              -1.0         -1.0            0.0            0.0            0.0           -1.0             -1.0           -1.0               -1.0                 0.96                 -1.0             -1.0         1.2       0
g_2                                -1.0          -1.0               0              0          130 140 150 200 7.0  150 150 150 200 4.0          0   0   0 255  0                 0.40           0  0  0  0     0  0  0  0                                   1          10              0                -1.0         -1.0          -1.0               1.0                  -1.0              -1.0           25 25 25          0  0  0           1.00            1.0        1.0          1.00               1.0           0.80              0               0           1.0       1.0           0.0           0.800              -1.0         -1.0            0.0            0.0            0.0           -1.0             -1.0           -1.0               -1.0                 0.96                 -1.0             -1.0         1.2       0
g_3                                -1.0          -1.0               0              0          130 140 150 200 7.0  150 150 150 200 4.0          0   0   0 255  0                 0.40           0  0  0  0     0  0  0  0                                   1          10              0                -1.0         -1.0          -1.0               1.0                  -1.0              -1.0           25 25 25          0  0  0           1.00            1.0        1.0          1.00               1.0           0.80              0               0           1.0       1.0           0.0           0.800              -1.0         -1.0            0.0            0.0            0.0           -1.0             -1.0           -1.0               -1.0                 0.96                 -1.0             -1.0         1.2       0
em_4                               -1.0          -1.0               0              0          130 140 150 200 7.0  150 150 150 200 4.0          0   0   0 255  0                 0.40           0  0  0  0     0  0  0  0                                   1          10              0                -1.0         -1.0          -1.0               1.0                  -1.0              -1.0           25 25 25          0  0  0           1.00            1.0        1.0          1.00               1.0           0.80              0               0           1.0       1.0           0.0           0.800              -1.0         -1.0            0.0            0.0            0.0           -1.0             -1.0           -1.0               -1.0                 0.96                 -1.0             -1.0         1.2       0
df_2                               -1.0          -1.0               0              0          130 140 150 200 7.0  150 150 150 200 4.0          0   0   0 255  0                 0.40           0  0  0  0     0  0  0  0                                   1          10              0                -1.0         -1.0          -1.0               1.0                  -1.0              -1.0           25 25 25          0  0  0           1.00            1.0        1.0          1.00               1.0           0.80              0               0           1.0       1.0           0.0           0.800              -1.0         -1.0            0.0            0.0            0.0           -1.0             -1.0           -1.0               -1.0                 0.96                 -1.0             -1.0         1.2       0
df_3                               -1.0          -1.0               0              0          130 140 150 200 7.0  150 150 150 200 4.0          0   0   0 255  0                 0.40           0  0  0  0     0  0  0  0                                   1          10              0                -1.0         -1.0          -1.0               1.0                  -1.0              -1.0           25 25 25          0  0  0           1.00            1.0        1.0          1.00               1.0           0.80              0               0           1.0       1.0           0.0           0.800              -1.0         -1.0            0.0            0.0            0.0           -1.0             -1.0           -1.0               -1.0                 0.96                 -1.0             -1.0         1.2       0
lilj1_a                            -1.0          -1.0               0              0          130 140 150 200 7.0  150 150 150 200 4.0          0   0   0 255  0                 0.40           0  0  0  0     0  0  0  0                                   1          10              0                -1.0         -1.0          -1.0               1.0                  -1.0              -1.0           25 25 25          0  0  0           1.00            1.0        1.0          1.00               1.0           0.80              0               0           1.0       1.0           0.0           0.800              -1.0         -1.0            0.0            0.0            0.0           -1.0             -1.0           -1.0               -1.0                 0.96                 -1.0             -1.0         1.2       0
imfau6                             -1.0          -1.0               0              0          130 140 150 200 7.0  150 150 150 200 4.0          0   0   0 255  0                 0.40           0  0  0  0     0  0  0  0                                   1          10              0                -1.0         -1.0          -1.0               1.0                  -1.0              -1.0           25 25 25          0  0  0           1.00            1.0        1.0          1.00               1.0           0.80              0               0           1.0       1.0           0.0           0.800              -1.0         -1.0            0.0            0.0            0.0           -1.0             -1.0           -1.0               -1.0                 0.96                 -1.0             -1.0         1.2       0
imfau2                             -1.0          -1.0               0              0          130 140 150 200 7.0  150 150 150 200 4.0          0   0   0 255  0                 0.40           0  0  0  0     0  0  0  0                                   1          10              0                -1.0         -1.0          -1.0               1.0                  -1.0              -1.0           25 25 25          0  0  0           1.00            1.0        1.0          1.00               1.0           0.80              0               0           1.0       1.0           0.0           0.800              -1.0         -1.0            0.0            0.0            0.0           -1.0             -1.0           -1.0               -1.0                 0.96                 -1.0             -1.0         1.2       0
wedint                             -1.0          -1.0               0              0          130 140 150 200 7.0  150 150 150 200 4.0          0   0   0 255  0                 0.40           0  0  0  0     0  0  0  0                                   1          10              0                -1.0         -1.0          -1.0               1.0                  -1.0              -1.0           25 25 25          0  0  0           1.00            1.0        1.0          1.00               1.0           0.80              0               0           1.0       1.0           0.0           0.800              -1.0         -1.0            0.0            0.0            0.0           -1.0             -1.0           -1.0               -1.0                 0.96                 -1.0             -1.0         1.2       0
gm_2                               -1.0          -1.0               0              0          130 140 150 200 7.0  150 150 150 200 4.0          0   0   0 255  0                 0.40           0  0  0  0     0  0  0  0                                   1          10              0                -1.0         -1.0          -1.0               1.0                  -1.0              -1.0           25 25 25          0  0  0           1.00            1.0        1.0          1.00               1.0           0.80              0               0           1.0       1.0           0.0           0.800              -1.0         -1.0            0.0            0.0            0.0           -1.0             -1.0           -1.0               -1.0                 0.96                 -1.0             -1.0         1.2       0
br_1                               -1.0          -1.0               0              0          130 140 150 200 7.0  150 150 150 200 4.0          0   0   0 255  0                 0.40           0  0  0  0     0  0  0  0                                   1          10              0                -1.0         -1.0          -1.0               1.0                  -1.0              -1.0           25 25 25          0  0  0           1.00            1.0        1.0          1.00               1.0           0.80              0               0           1.0       1.0           0.0           0.800              -1.0         -1.0            0.0            0.0            0.0           -1.0             -1.0           -1.0               -1.0                 0.96                 -1.0             -1.0         1.2       0
br_4                               -1.0          -1.0               0              0          130 140 150 200 7.0  150 150 150 200 4.0          0   0   0 255  0                 0.40           0  0  0  0     0  0  0  0                                   1          10              0                -1.0         -1.0          -1.0               1.0                  -1.0              -1.0           25 25 25          0  0  0           1.00            1.0        1.0          1.00               1.0           0.80              0               0           1.0       1.0           0.0           0.800              -1.0         -1.0            0.0            0.0            0.0           -1.0             -1.0           -1.0               -1.0                 0.96                 -1.0             -1.0         1.2       0
px_2                               -1.0          -1.0               0              0          130 140 150 200 7.0  150 150 150 200 4.0          0   0   0 255  0                 0.40           0  0  0  0     0  0  0  0                                   1          10              0                -1.0         -1.0          -1.0               1.0                  -1.0              -1.0           25 25 25          0  0  0           1.00            1.0        1.0          1.00               1.0           0.80              0               0           1.0       1.0           0.0           0.800              -1.0         -1.0            0.0            0.0            0.0           -1.0             -1.0           -1.0               -1.0                 0.96                 -1.0             -1.0         1.2       0
pxdf                               -1.0          -1.0               0              0          130 140 150 200 7.0  150 150 150 200 4.0          0   0   0 255  0                 0.40           0  0  0  0     0  0  0  0                                   1          10              0                -1.0         -1.0          -1.0               1.0                  -1.0              -1.0           25 25 25          0  0  0           1.00            1.0        1.0          1.00               1.0           0.80              0               0           1.0       1.0           0.0           0.800              -1.0         -1.0            0.0            0.0            0.0           -1.0             -1.0           -1.0               -1.0                 0.96                 -1.0             -1.0         1.2       0
rb_4b                              -1.0          -1.0               0              0          130 140 150 200 7.0  150 150 150 200 4.0          0   0   0 255  0                 0.40           0  0  0  0     0  0  0  0                                   1          10              0                -1.0         -1.0          -1.0               1.0                  -1.0              -1.0           25 25 25          0  0  0           1.00            1.0        1.0          1.00               1.0           0.80              0               0           1.0       1.0           0.0           0.800              -1.0         -1.0            0.0            0.0            0.0           -1.0             -1.0           -1.0               -1.0                 0.96                 -1.0             -1.0         1.2       0
vla1_a                             -1.0          -1.0               0              0          130 140 150 200 7.0  150 150 150 200 4.0          0   0   0 255  0                 0.40           0  0  0  0     0  0  0  0                                   1          10              0                -1.0         -1.0          -1.0               1.0                  -1.0              -1.0           25 25 25          0  0  0           1.00            1.0        1.0          1.00               1.0           0.80              0               0           1.0       1.0           0.0           0.800              -1.0         -1.0            0.0            0.0            0.0           -1.0             -1.0           -1.0               -1.0                 0.96                 -1.0             -1.0         1.2       0
vla2_a                             -1.0          -1.0               0              0          130 140 150 200 7.0  150 150 150 200 4.0          0   0   0 255  0                 0.40           0  0  0  0     0  0  0  0                                   1          10              0                -1.0         -1.0          -1.0               1.0                  -1.0              -1.0           25 25 25          0  0  0           1.00            1.0        1.0          1.00               1.0           0.80              0               0           1.0       1.0           0.0           0.800              -1.0         -1.0            0.0            0.0            0.0           -1.0             -1.0           -1.0               -1.0                 0.96                 -1.0             -1.0         1.2       0
vla4_a                             -1.0          -1.0               0              0          130 140 150 200 7.0  150 150 150 200 4.0          0   0   0 255  0                 0.40           0  0  0  0     0  0  0  0                                   1          10              0                -1.0         -1.0          -1.0               1.0                  -1.0              -1.0           25 25 25          0  0  0           1.00            1.0        1.0          1.00               1.0           0.80              0               0           1.0       1.0           0.0           0.800              -1.0         -1.0            0.0            0.0            0.0           -1.0             -1.0           -1.0               -1.0                 0.96                 -1.0             -1.0         1.2       0
rom8_b                             -1.0          -1.0               0              0          130 140 150 200 7.0  150 150 150 200 4.0          0   0   0 255  0                 0.40           0  0  0  0     0  0  0  0                                   1          10              0                -1.0         -1.0          -1.0               1.0                  -1.0              -1.0           25 25 25          0  0  0           1.00            1.0        1.0          1.00               1.0           0.80              0               0           1.0       1.0           0.0           0.800              -1.0         -1.0            0.0            0.0            0.0           -1.0             -1.0           -1.0               -1.0                 0.96                 -1.0             -1.0         1.2       0
pm_3                               -1.0          -1.0               0              0          130 140 150 200 7.0  150 150 150 200 4.0          0   0   0 255  0                 0.40           0  0  0  0     0  0  0  0                                   1          10              0                -1.0         -1.0          -1.0               1.0                  -1.0              -1.0           25 25 25          0  0  0           1.00            1.0        1.0          1.00               1.0           0.80              0               0           1.0       1.0           0.0           0.800              -1.0         -1.0            0.0            0.0            0.0           -1.0             -1.0           -1.0               -1.0                 0.96                 -1.0             -1.0         1.2       0
em_1                               -1.0          -1.0               0              0          130 140 150 200 7.0  150 150 150 200 4.0          0   0   0 255  0                 0.40           0  0  0  0     0  0  0  0                                   1          10              0                -1.0         -1.0          -1.0               1.0                  -1.0              -1.0           25 25 25          0  0  0           1.00            1.0        1.0          1.00               1.0           0.80              0               0           1.0       1.0           0.0           0.800              -1.0         -1.0            0.0            0.0            0.0           -1.0             -1.0           -1.0               -1.0                 0.96                 -1.0             -1.0         1.2       0
em_2                               -1.0          -1.0               0              0          130 140 150 200 7.0  150 150 150 200 4.0          0   0   0 255  0                 0.40           0  0  0  0     0  0  0  0                                   1          10              0                -1.0         -1.0          -1.0               1.0                  -1.0              -1.0           25 25 25          0  0  0           1.00            1.0        1.0          1.00               1.0           0.80              0               0           1.0       1.0           0.0           0.800              -1.0         -1.0            0.0            0.0            0.0           -1.0             -1.0           -1.0               -1.0                 0.96                 -1.0             -1.0         1.2       0
em_3                               -1.0          -1.0               0              0          130 140 150 200 7.0  150 150 150 200 4.0          0   0   0 255  0                 0.40           0  0  0  0     0  0  0  0                                   1          10              0                -1.0         -1.0          -1.0               1.0                  -1.0              -1.0           25 25 25          0  0  0           1.00            1.0        1.0          1.00               1.0           0.80              0               0           1.0       1.0           0.0           0.800              -1.0         -1.0            0.0            0.0            0.0           -1.0             -1.0           -1.0               -1.0                 0.96                 -1.0             -1.0         1.2       0
em_5                               -1.0          -1.0               0              0          130 140 150 200 7.0  150 150 150 200 4.0          0   0   0 255  0                 0.40           0  0  0  0     0  0  0  0                                   1          10              0                -1.0         -1.0          -1.0               1.0                  -1.0              -1.0           25 25 25          0  0  0           1.00            1.0        1.0          1.00               1.0           0.80              0               0           1.0       1.0           0.0           0.800              -1.0         -1.0            0.0            0.0            0.0           -1.0             -1.0           -1.0               -1.0                 0.96                 -1.0             -1.0         1.2       0
em_7                               -1.0          -1.0               0              0          130 140 150 200 7.0  150 150 150 200 4.0          0   0   0 255  0                 0.40           0  0  0  0     0  0  0  0                                   1          10              0                -1.0         -1.0          -1.0               1.0                  -1.0              -1.0           25 25 25          0  0  0           1.00            1.0        1.0          1.00               1.0           0.80              0               0           1.0       1.0           0.0           0.800              -1.0         -1.0            0.0            0.0            0.0           -1.0             -1.0           -1.0               -1.0                 0.96                 -1.0             -1.0         1.2       0
fau4_a                             -1.0          -1.0               0              0          130 140 150 200 7.0  150 150 150 200 4.0          0   0   0 255  0                 0.40           0  0  0  0     0  0  0  0                                   1          10              0                -1.0         -1.0          -1.0               1.0                  -1.0              -1.0           25 25 25          0  0  0           1.00            1.0        1.0          1.00               1.0           0.80              0               0           1.0       1.0           0.0           0.800              -1.0         -1.0            0.0            0.0            0.0           -1.0             -1.0           -1.0               -1.0                 0.96                 -1.0             -1.0         1.2       0
show_1                             -1.0          -1.0               0              0          130 140 150 200 7.0  150 150 150 200 4.0          0   0   0 255  0                 0.40           0  0  0  0     0  0  0  0                                   1          10              0                -1.0         -1.0          -1.0               1.0                  -1.0              -1.0           25 25 25          0  0  0           1.00            1.0        1.0          1.00               1.0           0.80              0               0           1.0       1.0           0.0           0.800              -1.0         -1.0            0.0            0.0            0.0           -1.0             -1.0           -1.0               -1.0                 0.96                 -1.0             -1.0         1.2       0
show_2                             -1.0          -1.0               0              0          130 140 150 200 7.0  150 150 150 200 4.0          0   0   0 255  0                 0.40           0  0  0  0     0  0  0  0                                   1          10              0                -1.0         -1.0          -1.0               1.0                  -1.0              -1.0           25 25 25          0  0  0           1.00            1.0        1.0          1.00               1.0           0.80              0               0           1.0       1.0           0.0           0.800              -1.0         -1.0            0.0            0.0            0.0           -1.0             -1.0           -1.0               -1.0                 0.96                 -1.0             -1.0         1.2       0
show_3                             -1.0          -1.0               0              0          130 140 150 200 7.0  150 150 150 200 4.0          0   0   0 255  0                 0.40           0  0  0  0     0  0  0  0                                   1          10              0                -1.0         -1.0          -1.0               1.0                  -1.0              -1.0           25 25 25          0  0  0           1.00            1.0        1.0          1.00               1.0           0.80              0               0           1.0       1.0           0.0           0.800              -1.0         -1.0            0.0            0.0            0.0           -1.0             -1.0           -1.0               -1.0                 0.96                 -1.0             -1.0         1.2       0
show_4                             -1.0          -1.0               0              0          130 140 150 200 7.0  150 150 150 200 4.0          0   0   0 255  0                 0.40           0  0  0  0     0  0  0  0                                   1          10              0                -1.0         -1.0          -1.0               1.0                  -1.0              -1.0           25 25 25          0  0  0           1.00            1.0        1.0          1.00               1.0           0.80              0               0           1.0       1.0           0.0           0.800              -1.0         -1.0            0.0            0.0            0.0           -1.0             -1.0           -1.0               -1.0                 0.96                 -1.0             -1.0         1.2       0
show_5                             -1.0          -1.0               0              0          130 140 150 200 7.0  150 150 150 200 4.0          0   0   0 255  0                 0.40           0  0  0  0     0  0  0  0                                   1          10              0                -1.0         -1.0          -1.0               1.0                  -1.0              -1.0           25 25 25          0  0  0           1.00            1.0        1.0          1.00               1.0           0.80              0               0           1.0       1.0           0.0           0.800              -1.0         -1.0            0.0            0.0            0.0           -1.0             -1.0           -1.0               -1.0                 0.96                 -1.0             -1.0         1.2       0
show_6                             -1.0          -1.0               0              0          130 140 150 200 7.0  150 150 150 200 4.0          0   0   0 255  0                 0.40           0  0  0  0     0  0  0  0                                   1          10              0                -1.0         -1.0          -1.0               1.0                  -1.0              -1.0           25 25 25          0  0  0           1.00            1.0        1.0          1.00               1.0           0.80              0               0           1.0       1.0           0.0           0.800              -1.0         -1.0            0.0            0.0            0.0           -1.0             -1.0           -1.0               -1.0                 0.96                 -1.0             -1.0         1.2       0
show_7                             -1.0          -1.0               0              0          130 140 150 200 7.0  150 150 150 200 4.0          0   0   0 255  0                 0.40           0  0  0  0     0  0  0  0                                   1          10              0                -1.0         -1.0          -1.0               1.0                  -1.0              -1.0           25 25 25          0  0  0           1.00            1.0        1.0          1.00               1.0           0.80              0               0           1.0       1.0           0.0           0.800              -1.0         -1.0            0.0            0.0            0.0           -1.0             -1.0           -1.0               -1.0                 0.96                 -1.0             -1.0         1.2       0
show_8                             -1.0          -1.0               0              0          130 140 150 200 7.0  150 150 150 200 4.0          0   0   0 255  0                 0.40           0  0  0  0     0  0  0  0                                   1          10              0                -1.0         -1.0          -1.0               1.0                  -1.0              -1.0           25 25 25          0  0  0           1.00            1.0        1.0          1.00               1.0           0.80              0               0           1.0       1.0           0.0           0.800              -1.0         -1.0            0.0            0.0            0.0           -1.0             -1.0           -1.0               -1.0                 0.96                 -1.0             -1.0         1.2       0
rb_4                               -1.0          -1.0               0              0          130 140 150 200 7.0  150 150 150 200 4.0          0   0   0 255  0                 0.40           0  0  0  0     0  0  0  0                                   1          10              0                -1.0         -1.0          -1.0               1.0                  -1.0              -1.0           25 25 25          0  0  0           1.00            1.0        1.0          1.00               1.0           0.80              0               0           1.0       1.0           0.0           0.800              -1.0         -1.0            0.0            0.0            0.0           -1.0             -1.0           -1.0               -1.0                 0.96                 -1.0             -1.0         1.2       0
j_1                                -1.0          -1.0               0              0          130 140 150 200 7.0  150 150 150 200 4.0          0   0   0 255  0                 0.40           0  0  0  0     0  0  0  0                                   1          10              0                -1.0         -1.0          -1.0               1.0                  -1.0              -1.0           25 25 25          0  0  0           1.00            1.0        1.0          1.00               1.0           0.80              0               0           1.0       1.0           0.0           0.800              -1.0         -1.0            0.0            0.0            0.0           -1.0             -1.0           -1.0               -1.0                 0.96                 -1.0             -1.0         1.2       0
rp_13                              -1.0          -1.0               0              0          130 140 150 200 7.0  150 150 150 200 4.0          0   0   0 255  0                 0.40           0  0  0  0     0  0  0  0                                   1          10              0                -1.0         -1.0          -1.0               1.0                  -1.0              -1.0           25 25 25          0  0  0           1.00            1.0        1.0          1.00               1.0           0.80              0               0           1.0       1.0           0.0           0.800              -1.0         -1.0            0.0            0.0            0.0           -1.0             -1.0           -1.0               -1.0                 0.96                 -1.0             -1.0         1.2       0
rom2_a                             -1.0          -1.0               0              0          130 140 150 200 7.0  150 150 150 200 4.0          0   0   0 255  0                 0.40           0  0  0  0     0  0  0  0                                   1          10              0                -1.0         -1.0          -1.0               1.0                  -1.0              -1.0           25 25 25          0  0  0           1.00            1.0        1.0          1.00               1.0           0.80              0               0           1.0       1.0           0.0           0.800              -1.0         -1.0            0.0            0.0            0.0           -1.0             -1.0           -1.0               -1.0                 0.96                 -1.0             -1.0         1.2       0
rom3_a                             -1.0          -1.0               0              0          130 140 150 200 7.0  150 150 150 200 4.0          0   0   0 255  0                 0.40           0  0  0  0     0  0  0  0                                   1          10              0                -1.0         -1.0          -1.0               1.0                  -1.0              -1.0           25 25 25          0  0  0           1.00            1.0        1.0          1.00               1.0           0.80              0               0           1.0       1.0           0.0           0.800              -1.0         -1.0            0.0            0.0            0.0           -1.0             -1.0           -1.0               -1.0                 0.96                 -1.0             -1.0         1.2       0
rom5_a                             -1.0          -1.0               0              0          130 140 150 200 7.0  150 150 150 200 4.0          0   0   0 255  0                 0.40           0  0  0  0     0  0  0  0                                   1          10              0                -1.0         -1.0          -1.0               1.0                  -1.0              -1.0           25 25 25          0  0  0           1.00            1.0        1.0          1.00               1.0           0.80              0               0           1.0       1.0           0.0           0.800              -1.0         -1.0            0.0            0.0            0.0           -1.0             -1.0           -1.0               -1.0                 0.96                 -1.0             -1.0         1.2       0
rom6_a                             -1.0          -1.0               0              0          130 140 150 200 7.0  150 150 150 200 4.0          0   0   0 255  0                 0.40           0  0  0  0     0  0  0  0                                   1          10              0                -1.0         -1.0          -1.0               1.0                  -1.0              -1.0           25 25 25          0  0  0           1.00            1.0        1.0          1.00               1.0           0.80              0               0           1.0       1.0           0.0           0.800              -1.0         -1.0            0.0            0.0            0.0           -1.0             -1.0           -1.0               -1.0                 0.96                 -1.0             -1.0         1.2       0
rom8_a                             -1.0          -1.0               0              0          130 140 150 200 7.0  150 150 150 200 4.0          0   0   0 255  0                 0.40           0  0  0  0     0  0  0  0                                   1          10              0                -1.0         -1.0          -1.0               1.0                  -1.0              -1.0           25 25 25          0  0  0           1.00            1.0        1.0          1.00               1.0           0.80              0               0           1.0       1.0           0.0           0.800              -1.0         -1.0            0.0            0.0            0.0           -1.0             -1.0           -1.0               -1.0                 0.96                 -1.0             -1.0         1.2       0
r_9                                -1.0          -1.0               0              0          130 140 150 200 7.0  150 150 150 200 4.0          0   0   0 255  0                 0.40           0  0  0  0     0  0  0  0                                   1          10              0                -1.0         -1.0          -1.0               1.0                  -1.0              -1.0           25 25 25          0  0  0           1.00            1.0        1.0          1.00               1.0           0.80              0               0           1.0       1.0           0.0           0.800              -1.0         -1.0            0.0            0.0            0.0           -1.0             -1.0           -1.0               -1.0                 0.96                 -1.0             -1.0         1.2       0
Classic                            -1.0          -1.0               0              0          130 140 150 200 7.0  150 150 150 200 4.0          0   0   0 255  0                 0.40           0  0  0  0     0  0  0  0                                   1          10              0                -1.0         -1.0          -1.0               1.0                  -1.0              -1.0           25 25 25          0  0  0           1.00            1.0        1.0          1.00               1.0           0.80              0               0           1.0       1.0           0.0           0.800              -1.0         -1.0            0.0            0.0            0.0           -1.0             -1.0           -1.0               -1.0                 0.96                 -1.0             -1.0         1.2       0
Tweaked                            -1.0          -1.0               0              0          130 140 150 200 7.0  150 150 150 200 4.0          0   0   0 255  0                 0.40           0  0  0  0     0  0  0  0                                   1          10              0                -1.0         -1.0          -1.0               1.0                  -1.0              -1.0           25 25 25          0  0  0           1.00            1.0        1.0          1.00               1.0           0.80              0               0           1.0       1.0           0.0           0.800              -1.0         -1.0            0.0            0.0            0.0           -1.0             -1.0           -1.0               -1.0                 0.96                 -1.0             -1.0         1.2       0
Cinema                             -1.0          -1.0               0              0          130 140 150 200 7.0  150 150 150 200 4.0          0   0   0 255  0                 0.40           0  0  0  0     0  0  0  0                                   1          10              0                -1.0         -1.0          -1.0               1.0                  -1.0              -1.0           25 25 25          0  0  0           1.00            1.0        1.0          1.00               1.0           0.80              0               0           1.0       1.0           0.0           0.800              -1.0         -1.0            0.0            0.0            0.0           -1.0             -1.0           -1.0               -1.0                 0.96                 -1.0             -1.0         1.2       0
Verte                              -1.0          -1.0               0              0          130 140 150 200 7.0  150 150 150 200 4.0          0   0   0 255  0                 0.40           0  0  0  0     0  0  0  0                                   1          10              0                -1.0         -1.0          -1.0               1.0                  -1.0              -1.0           25 25 25          0  0  0           1.00            1.0        1.0          1.00               1.0           0.80              0               0           1.0       1.0           0.0           0.800              -1.0         -1.0            0.0            0.0            0.0           -1.0             -1.0           -1.0               -1.0                 0.96                 -1.0             -1.0         1.2       0
Hot                                -1.0          -1.0               0              0          130 140 150 200 7.0  150 150 150 200 4.0          0   0   0 255  0                 0.40           0  0  0  0     0  0  0  0                                   1          10              0                -1.0         -1.0          -1.0               1.0                  -1.0              -1.0           25 25 25          0  0  0           1.00            1.0        1.0          1.00               1.0           0.80              0               0           1.0       1.0           0.0           0.800              -1.0         -1.0            0.0            0.0            0.0           -1.0             -1.0           -1.0               -1.0                 0.96                 -1.0             -1.0         1.2       0
Steel                              -1.0          -1.0               0              0          130 140 150 200 7.0  150 150 150 200 4.0          0   0   0 255  0                 0.40           0  0  0  0     0  0  0  0                                   1          10              0                -1.0         -1.0          -1.0               1.0                  -1.0              -1.0           25 25 25          0  0  0           1.00            1.0        1.0          1.00               1.0           0.80              0               0           1.0       1.0           0.0           0.800              -1.0         -1.0            0.0            0.0            0.0           -1.0             -1.0           -1.0               -1.0                 0.96                 -1.0             -1.0         1.2       0
Psyche                             -1.0          -1.0               0              0          130 140 150 200 7.0  150 150 150 200 4.0          0   0   0 255  0                 0.40           0  0  0  0     0  0  0  0                                   1          10              0                -1.0         -1.0          -1.0               1.0                  -1.0              -1.0           25 25 25          0  0  0           1.00            1.0        1.0          1.00               1.0           0.80              0               0           1.0       1.0           0.0           0.800              -1.0         -1.0            0.0            0.0            0.0           -1.0             -1.0           -1.0               -1.0                 0.96                 -1.0             -1.0         1.2       0
Romantic                           -1.0          -1.0               0              0          130 140 150 200 7.0  150 150 150 200 4.0          0   0   0 255  0                 0.40           0  0  0  0     0  0  0  0                                   1          10              0                -1.0         -1.0          -1.0               1.0                  -1.0              -1.0           25 25 25          0  0  0           1.00            1.0        1.0          1.00               1.0           0.80              0               0           1.0       1.0           0.0           0.800              -1.0         -1.0            0.0            0.0            0.0           -1.0             -1.0           -1.0               -1.0                 0.96                 -1.0             -1.0         1.2       0
Sepia                              -1.0          -1.0               0              0          130 140 150 200 7.0  150 150 150 200 4.0          0   0   0 255  0                 0.40           0  0  0  0     0  0  0  0                                   1          10              0                -1.0         -1.0          -1.0               1.0                  -1.0              -1.0           25 25 25          0  0  0           1.00            1.0        1.0          1.00               1.0           0.80              0               0           1.0       1.0           0.0           0.800              -1.0         -1.0            0.0            0.0            0.0           -1.0             -1.0           -1.0               -1.0                 0.96                 -1.0             -1.0         1.2       0
Muddy                              -1.0          -1.0               0              0          130 140 150 200 7.0  150 150 150 200 4.0          0   0   0 255  0                 0.40           0  0  0  0     0  0  0  0                                   1          10              0                -1.0         -1.0          -1.0               1.0                  -1.0              -1.0           25 25 25          0  0  0           1.00            1.0        1.0          1.00               1.0           0.80              0               0           1.0       1.0           0.0           0.800              -1.0         -1.0            0.0            0.0            0.0           -1.0             -1.0           -1.0               -1.0                 0.96                 -1.0             -1.0         1.2       0
Neon                               -1.0          -1.0               0              0          130 140 150 200 7.0  150 150 150 200 4.0          0   0   0 255  0                 0.40           0  0  0  0     0  0  0  0                                   1          10              0                -1.0         -1.0          -1.0               1.0                  -1.0              -1.0           25 25 25          0  0  0           1.00            1.0        1.0          1.00               1.0           0.80              0               0           1.0       1.0           0.0           0.800              -1.0         -1.0            0.0            0.0            0.0           -1.0             -1.0           -1.0               -1.0                 0.96                 -1.0             -1.0         1.2       0
Rouge                              -1.0          -1.0               0              0          130 140 150 200 7.0  150 150 150 200 4.0          0   0   0 255  0                 0.40           0  0  0  0     0  0  0  0                                   1          10              0                -1.0         -1.0          -1.0               1.0                  -1.0              -1.0           25 25 25          0  0  0           1.00            1.0        1.0          1.00               1.0           0.80              0               0           1.0       1.0           0.0           0.800              -1.0         -1.0            0.0            0.0            0.0           -1.0             -1.0           -1.0               -1.0                 0.96                 -1.0             -1.0         1.2       0
Bronze                             -1.0          -1.0               0              0          130 140 150 200 7.0  150 150 150 200 4.0          0   0   0 255  0                 0.40           0  0  0  0     0  0  0  0                                   1          10              0                -1.0         -1.0          -1.0               1.0                  -1.0              -1.0           25 25 25          0  0  0           1.00            1.0        1.0          1.00               1.0           0.80              0               0           1.0       1.0           0.0           0.800              -1.0         -1.0            0.0            0.0            0.0           -1.0             -1.0           -1.0               -1.0                 0.96                 -1.0             -1.0         1.2       0
Ulraviolet                         -1.0          -1.0               0              0          130 140 150 200 7.0  150 150 150 200 4.0          0   0   0 255  0                 0.40           0  0  0  0     0  0  0  0                                   1          10              0                -1.0         -1.0          -1.0               1.0                  -1.0              -1.0           25 25 25          0  0  0           1.00            1.0        1.0          1.00               1.0           0.80              0               0           1.0       1.0           0.0           0.800              -1.0         -1.0            0.0            0.0            0.0           -1.0             -1.0           -1.0               -1.0                 0.96                 -1.0             -1.0         1.2       0
Eclipse                            -1.0          -1.0               0              0          130 140 150 200 7.0  150 150 150 200 4.0          0   0   0 255  0                 0.40           0  0  0  0     0  0  0  0                                   1          10              0                -1.0         -1.0          -1.0               1.0                  -1.0              -1.0           25 25 25          0  0  0           1.00            1.0        1.0          1.00               1.0           0.80              0               0           1.0       1.0           0.0           0.800              -1.0         -1.0            0.0            0.0            0.0           -1.0             -1.0           -1.0               -1.0                 0.96                 -1.0             -1.0         1.2       0
Noire                              -1.0          -1.0               0              0          130 140 150 200 7.0  150 150 150 200 4.0          0   0   0 255  0                 0.40           0  0  0  0     0  0  0  0                                   1          10              0                -1.0         -1.0          -1.0               1.0                  -1.0              -1.0           25 25 25          0  0  0           1.00            1.0        1.0          1.00               1.0           0.80              0               0           1.0       1.0           0.0           0.800              -1.0         -1.0            0.0            0.0            0.0           -1.0             -1.0           -1.0               -1.0                 0.96                 -1.0             -1.0         1.2       0
colors                             -1.0          -1.0               0              0          130 140 150 200 7.0  150 150 150 200 4.0          0   0   0 255  0                 0.40           0  0  0  0     0  0  0  0                                   1          10              0                -1.0         -1.0          -1.0               1.0                  -1.0              -1.0           25 25 25          0  0  0           1.00            1.0        1.0          1.00               1.0           0.80              0               0           1.0       1.0           0.0           0.800              -1.0         -1.0            0.0            0.0            0.0           -1.0             -1.0           -1.0               -1.0                 0.96                 -1.0             -1.0         1.2       0
Vintage                            -1.0          -1.0               0              0          130 140 150 200 7.0  150 150 150 200 4.0          0   0   0 255  0                 0.40           0  0  0  0     0  0  0  0                                   1          10              0                -1.0         -1.0          -1.0               1.0                  -1.0              -1.0           25 25 25          0  0  0           1.00            1.0        1.0          1.00               1.0           0.80              0               0           1.0       1.0           0.0           0.800              -1.0         -1.0            0.0            0.0            0.0           -1.0             -1.0           -1.0               -1.0                 0.96                 -1.0             -1.0         1.2       0
Fire                               -1.0          -1.0               0              0          130 140 150 200 7.0  150 150 150 200 4.0          0   0   0 255  0                 0.40           0  0  0  0     0  0  0  0                                   1          10              0                -1.0         -1.0          -1.0               1.0                  -1.0              -1.0           25 25 25          0  0  0           1.00            1.0        1.0          1.00               1.0           0.80              0               0           1.0       1.0           0.0           0.800              -1.0         -1.0            0.0            0.0            0.0           -1.0             -1.0           -1.0               -1.0                 0.96                 -1.0             -1.0         1.2       0
Sketch                             -1.0          -1.0               0              0          130 140 150 200 7.0  150 150 150 200 4.0          0   0   0 255  0                 0.40           0  0  0  0     0  0  0  0                                   1          10              0                -1.0         -1.0          -1.0               1.0                  -1.0              -1.0           25 25 25          0  0  0           1.00            1.0        1.0          1.00               1.0           0.80              0               0           1.0       1.0           0.0           0.800              -1.0         -1.0            0.0            0.0            0.0           -1.0             -1.0           -1.0               -1.0                 0.96                 -1.0             -1.0         1.2       0
