//EXTRASUNNY
////Midnight
120 94 75  150 122 92  180 150 109  -1  0  97  86 66 50  0 0 0  -1  -1  -1  -1  2.5  2500  200  35 9 10  26 30 36  43 48 54 154  0.24  2  0.65  2.4  89 70 47  0 0 0  0.2  200  1.25  1  1  1.5  15.75  182.64  19.88  256  0  0  0.11  1.24  1.48  0.32  0  16  0.275  0.28 0.2 0.12  0 0 0  0 0 0  0 0 0  1  0  0  -1  -1  0 0 0  0  0  0  0  -1 0  0  0  0  -1  0  0  0  0  0  0 0 0  0  0.05 0.05 0.05  0  0  0  0  0  0 0 0  0  0  -1  -1  0  0  0  -1  -1  0  0  3.498  0.75  1  1  1  0.2  2  1  0
//5AM
120 94 75  150 122 92  180 150 109  -1  51  97  86 66 50  41 39 39  -1  -1  -1  -1  2.5  2500  200  35 9 10  26 30 36  45 45 45 168  0.24  1.75  0.65  2.2  89 70 47  0 0 0  0.2  200  1.25  1  1  1.5  15.79  174.12  16.93  256  0.03  0  0.11  1.24  1.48  0.16  0  17  0.275  0.28 0.2 0.12  0 0 0  0 0 0  0 0 0  1  0  0  -1  -1  0 0 0  0  0  0  0  -1 0  0  0  0  -1  0  0  0  0  0  0 0 0  0  0.05 0.05 0.05  0  0  0  0  0  0 0 0  0  0  -1  -1  0  0  0  -1  -1  0.141  0.428  1  1  1  1  1  0.2  2  1  0
//6AM
96 125 162  119 140 172  240 144 83  -1  51  73  32 32 36  255 255 255  -1  -1  -1  -1  1  2500  25000  113 115 113  106 105 102  56 30 3 239  0.2  0.225  0.35  2.49  75 61 61  0 0 0  0.5  800  1.5  1  1  1  16.01  131.49  2.19  254.89  0.17  71  9.13  5.24  7.31  5.07  0  18  0.25  0.31 0.44 0.545  1 0.25 -0.45  0.5 0.25 -0.25  0 0 0  1  3.5  4.5  -1  -1  0 0 0  0  0  0  0  -1 0  0  0  0  -1  0  0  0  0  0  0 0 0  0  1 0.69 0.13  0  0  0  0  0  0 0 0  0  0  -1  -1  1  0  0  -1  -1  0.216  1  1.061  1  1  1  1  0.9  2  1  0
//7AM
96 125 162  119 140 172  240 144 83  -1  51  90  32 36 36  255 255 255  -1  -1  -1  -1  1  2500  5000  119 120 120  105 105 105  10 6 2 239  0.2  0.85  0.15  2.39  77 64 60  0 0 0  0.7  750  1.5  1  1  1  15.99  127.95  1.46  255.92  0.17  77  11.48  7.14  9.22  10.14  0  20  0.2  0.61 0.74 0.945  1 0.25 -0.45  0.35 0.2 -0.2  0 0 0  1  2.5  4.5  -1  -1  0 0 0  0  0  0  0  -1 0  0  0  0  -1  0  0  0  0  0  0 0 0  0  0.885 0.585 0.125  0  0  0  0  0  0 0 0  0  0  -1  -1  0  0  0  -1  -1  0.225  1  1.05  1  1  1  1  0.6  2  1  0
//9AM
106 136 174  152 168 189  248 195 154  -1  51  36  94 61 28  255 255 255  -1  -1  -1  -1  1  2500  815  58 72 40  199 230 196  6 14 18 240  0.2  0.215  0.1  2.5  97 61 39  0 0 0  0.75  725  1.6  1  1  1  16  128  1.53  256  0.1  217  12.23  9.24  11.08  11.24  0  23  0.2  0.423 0.562 0.747  0.95 0.55 0  0.5 0.35 0  1 1 1  1  3  0.5  -1  -1  1 1 1  0  0  0  0  -1 0  1  1  1  -1  1  1  1  0  0  0 0 0  0  0.95 0.65 0.3  0  0  0  0  0  0 0 0  0  0  -1  -1  1  0  0  -1  -1  0.2  1  1  0.8  1  1  1  0.7  2  1  0
//Midday
115 147 185  185 196 205  255 245 225  -1  51  82  35 55 87  255 255 255  -1  -1  -1  -1  1  2500  400  119 120 120  106 106 106  7 22 23 125  0.2  0.25  0.05  2.36  149 177 179  0 0 0  0.85  800  1.7  1  1  1  16  128  1.46  256  0.11  77  12.42  9.56  10.74  12.12  0  30  0.2  0.464 0.511 0.623  1 1 0.35  1 1 0.35  1 1 1  1  4.256  0.3  -1  -1  1 1 1  0  0  0  0  -1 0  1  1  1  -1  1  1  1  0  0  0 0 0  0  0.85 0.75 0.7  0  0  0  0  0  0 0 0  0  0  -1  -1  1  0  0  -1  -1  0  1  1  0.8  1  1  1  0.75  2  1  0
//6PM
102 136 179  165 179 190  255 228 174  -1  51  82  35 55 87  255 255 255  -1  -1  -1  -1  1  2500  650  58 72 40  199 230 196  6 14 18 240  0.2  0.2  0.1  2.48  69 123 184  0 0 0  0.75  750  1.65  1  1  1  16  128  1.53  256  0.1  217  12.08  9.64  10.38  11.32  0  22  0.2  0.463 0.516 0.642  1 1 0.35  1 1 0.35  1 1 1  1  4  0.3  -1  -1  1 1 1  0  0  0  0  -1 0  1  1  1  -1  1  1  1  0  0  0 0 0  0  0.85 0.75 0.7  0  0  0  0  0  0 0 0  0  0  -1  -1  1  0  0  -1  -1  0.2  1  1  1  1  1  1  0.7  2  1  0
//7PM
114 124 148  173 124 118  231 124 88  -1  73  92  68 60 63  255 255 255  -1  -1  -1  -1  1  2500  2500  119 120 120  105 105 105  10 6 2 239  0.2  0.25  0.25  2.52  78 58 69  0 0 0  0.65  700  1.6  1  1  1  15.99  127.95  1.46  255.92  0.17  77  10.21  7.24  9.37  12.15  0  20  0.2  0.72 0.745 0.71  0.15 -0.05 -0.1  1 0.1 -0.5  0 0 0  1  2.5  4.5  -1  -1  0 0 0  0  0  0  0  -1 0  0  0  0  -1  0  0  0  0  0  0 0 0  0  0.94 0.42 0.06  0  0  0  0  0  0 0 0  0  0  -1  -1  1  0  0  -1  -1  0.225  1  1.05  1  1  1  1  0.6  2  1  0
//8PM
113 126 153  145 128 141  176 130 128  -1  54  47  103 62 47  255 255 255  -1  -1  -1  -1  1  2500  25000  119 120 120  105 105 105  28 28 28 239  0.2  0.126  0.25  2.6  85 54 51  0 0 0  0.6  600  1.55  1  1  1  16  128  1.46  256  0.17  77  9.28  7.63  7.14  12.18  0  20  0.2  0.404 0.477 0.524  0.5 0.1 -0.05  1 0 -1.5  0 0 0  1  8  4  -1  -1  0 0 0  0  0  0  0  -1 0  0  0  0  -1  0  0  0  0  0  0 0 0  0  0.84 0.42 0.1  0  0  0  0  0  0 0 0  0  0  -1  -1  0  0  0  -1  -1  0.225  1  1.05  1  1  1  1  0.7  2  1  0
//9PM
122 150 177  187 178 170  251 196 162  -1  51  91  15 51 91  255 255 255  -1  -1  -1  -1  1  2500  25000  117 117 117  105 105 105  20 20 20 239  0.24  0.315  0.15  2.74  128 150 200  0 0 0  0.55  600  1.5  1  1  1.25  16  128  3.66  256  0.17  77  0.83  7.55  7.21  10.14  0  18  0.25  0.372 0.421 0.463  0 0 0  0 0 0  0 0 0  1  0  0  -1  -1  0 0 0  0  0  0  0  -1 1  0  0  0  -1  0  0  0  0  0  0 0 0  0  1 0.81 0.71  0  0  0  0  0  0 0 0  0  0  -1  -1  0  0  0  -1  -1  0.225  1  1.05  0.8  1  1  1  0.7  2  1  0
//10PM
136 147 164  194 185 175  252 222 186  -1  51  91  15 51 91  255 255 255  -1  -1  -1  -1  1  2500  25000  35 9 10  26 30 36  43 48 54 154  0.36  0.225  0.2  2.85  149 177 179  0 0 0  0.5  450  1.5  1  1  1.25  15.67  181.86  19.86  255.19  0  0  0.87  4.2  6.48  5.25  0  17  0.25  0.242 0.317 0.363  0 0 0  0 0 0  0 0 0  0  0  0  -1  -1  0 0 0  0  0  0  0  -1 0  0  0  0  -1  0  0  0  0  0  0 0 0  0  1 0.81 0.71  0  0  0  0  0  0 0 0  0  0  -1  -1  0  0  0  -1  -1  0.126  0.314  1.749  0.75  1  1  1  0.8  2  1  0

//SUNNY
////Midnight
89 99 109  89 89 117  89 89 124  -1  0  135  34 44 68  0 0 0  -1  -1  -1  -1  2.5  2500  215  35 9 10  26 30 36  0 42 59 150  0.24  2  0.65  2.26  85 106 157  0 0 0  0.15  215  1.25  1  1  1.5  15  348.75  20.23  256  0  0  0.19  1.45  1.92  0.24  0  16  0.275  0.062 0.148 0.282  0 0 0  0 0 0  0.788 0.847 1  1  0  0  -1  -1  0.622 0.731 0.935  0.44  0.88  0.58  0.528  -1 0.2  1  0.27  0.84  -1  0.06  0.328  0.256  0.211  0.974  0.415 0.42 0.425  0.14  1 1 1  26  32  0.032  0.256  0.256  24 25 26  1  4  -1  -1  0  0  0  -1  -1  0  0.25  3.512  0.8  1  1  1  0.9  2  1  0
//5AM
89 99 109  89 89 117  89 89 124  -1  82  135  34 44 68  0 0 0  -1  -1  -1  -1  1.5  2500  215  35 9 10  26 30 36  45 55 55 150  0.32  1.88  0.55  2.06  85 106 157  0 0 0  0.15  215  1.3  1  1  1.5  15  348.75  19.88  256  0  0  0.19  1.42  1.96  0.12  0  17  0.275  0.063 0.142 0.284  0 0 0  0 0 0  0.649 0.714 1  1  0  0  -1  -1  0.425 0.512 0.635  0.466  0.921  0.599  0.577  -1 0.524  1  0.223  0.84  -1  0.01  0.328  0.244  0.22  0.974  0.415 0.42 0.425  0.14  1 1 1  28  32  0.064  0.512  1  24 25 26  1  4  -1  -1  0  0  0  -1  -1  0.1  0.25  1.55  0.8  1  1  1  0.9  2  1  0
//6AM
174 162 155  210 195 175  245 228 194  -1  82  124  193 182 164  255 255 255  -1  -1  -1  -1  1  2500  675  58 72 40  179 148 88  0 10 15 240  0.2  0.23  0.2  2.75  252 235 182  0 0 0  0.5  400  1.5  1  1  1  16  128  1.46  256  0.17  0  8.54  4.18  6.37  8.13  0  18  0.25  0.452 0.494 0.726  0.49 0.65 0.5  0.55 0.9 0.65  0.204 0.411 0.303  1  2.05  0.75  -1  -1  0.5 0.5 0.5  0.425  0.85  0.389  0.532  -1 0.5  1  0.2  0.6  -1  0.48  0.321  0.224  0.227  0.965  0.7 0.7 0.7  0.14  0.75 0.45 0.15  0  32  0  0  0  24 25 26  0  0  -1  -1  0  0  0  -1  -1  0.15  1  1  1.4  1  1  1  0.8  2  1  0
//7AM
139 128 120  188 168 135  237 208 150  -1  89  124  193 182 164  255 255 255  -1  -1  -1  -1  1  2500  400  119 120 120  105 105 105  20 20 20 239  0.2  0.23  0.3  2.8  252 235 182  0 0 0  0.5  350  1.5  1  1  1  16  128  1.46  256  0.17  77  12.08  9.14  8.83  12.27  0  17  0.2  0.494 0.534 0.765  0.49 0.65 0.5  0.55 0.9 0.65  0.307 0.203 0.414  1  2.05  0.75  -1  -1  0.5 0.5 0.5  0.672  1.224  0.523  0.552  -1 0.584  1  0.25  0.645  -1  0.5  0.3  0.224  0.286  0.931  0.7 0.7 0.7  0.14  0.75 0.45 0.15  1  8  0  0.685  0  24 25 26  0  0  -1  -1  0  0  0  -1  -1  0.225  1  1.05  1  1  1  1  0  2  1  0
//9AM
132 131 139  187 176 156  242 220 174  -1  89  107  137 135 129  255 255 255  -1  -1  -1  -1  1  2500  512  119 120 120  105 105 105  19 17 15 239  0.2  0.224  0.15  2.48  221 221 200  0 0 0  0.4  500  1.6  1  1  1  15.94  127.65  1.47  255.43  0.1  77  12.24  9.11  10.47  12.09  0  25  0.2  0.431 0.505 0.717  0.51 0.61 0.52  0.55 0.76 0.57  0.256 0.512 0.256  1  3.25  0.61  -1  -1  0.45 0.65 0.55  0.424  1.728  0.78  0.3  -1 0.31  1  0.12  0.468  -1  0.07  0.54  0.132  0.495  0.86  1 1 1  1  0.81 0.63 0.44  1  32  0  0  0  0 0 0  0  0  -1  -1  0  0  0  -1  -1  0.3  1  1.5  0.8  1  1  1  0.725  2  1  0
//Midday
116 140 186  186 195 210  255 249 234  -1  77  82  53 64 77  255 255 255  -1  -1  -1  -1  1  2500  500  119 120 120  105 105 105  19 17 15 239  0.2  0.215  0.35  2.52  221 221 200  0 0 0  0.225  600  1.7  1  1  1  15.94  127.65  1.47  255.43  0.1  77  12.67  9.46  10.33  12.04  0  32  0.2  0.355 0.452 0.647  0.55 0.55 0.55  0.55 0.55 0.55  0.684 0.727 0.812  1  5.5  0.4  -1  -1  0.65 0.65 0.65  0.732  1.912  0.999  0.333  -1 0.34  1  0.173  0.451  -1  0.35  0.5  0.124  0.458  0.82  0.15 0.15 0.15  1  0.85 0.825 0.8  0.4  32  0  0  0  0 0 0  0  0  -1  -1  0  0  0  -1  -1  0.3  1  1.5  0.8  1  1  1  0.725  2  1  0
//6PM
111 136 183  183 189 195  255 241 204  -1  60  82  53 64 77  255 255 255  -1  -1  -1  -1  1  2500  500  119 120 120  105 105 105  19 17 15 239  0.2  0.22  0.15  2.25  206 228 236  0 0 0  0.4  525  1.7  1  1  1  16  128  1.46  256  0.17  77  11.62  8.72  9.84  11.23  0  24  0.2  0.352 0.454 0.647  0.55 0.55 0.55  0.55 0.55 0.55  0.411 0.562 0.837  1  4.25  0.4  -1  -1  0.675 0.676 0.677  0.732  1.911  1.115  0.383  -1 0.442  1  0.13  0.432  -1  0.284  0.535  0.137  0.314  0.749  0.125 0.15 0.175  1  0.85 0.825 0.8  1  32  0  0  0  0 0 0  0  0  -1  -1  0  0  0  -1  -1  0.225  1  1.05  1  1  1  1  0.75  2  1  0
//7PM
118 153 184  179 193 196  232 221 183  -1  60  181  50 64 80  255 255 255  -1  -1  -1  -1  1  2500  800  119 120 120  105 105 105  15 7 0 239  0.2  0.23  0.2  2.56  226 225 175  0 0 0  0.5  400  1.65  1  1  1  16  128  1.78  256  0.17  77  10.14  8.32  9.56  11.11  0  22  0.2  0.323 0.444 0.626  1 1 1  1 0.5 -1  0.436 0.872 1  1  2.45  2.895  -1  -1  0.675 0.676 0.677  0.813  1.626  0.918  0.42  -1 0.342  1  0.228  0.333  -1  0.06  0.535  0.137  0.484  0.249  0.15 0.25 0.325  0.14  0.75 0.525 0.225  5.964  32  0  0  0  0 0 0  0  0  -1  -1  0  0  0  -1  -1  0.225  1  1.05  1.1  1  1  1  0.8  2  1  0
//8PM
114 143 188  174 188 189  233 232 190  -1  215  183  92 120 150  255 255 255  -1  -1  -1  -1  1  2500  825  119 120 120  105 105 105  13 13 13 239  0.22  0.25  0.2  2.69  225 208 176  0 0 0  0.5  400  1.65  1  1  1  16  128  2.56  256  0.17  77  10.12  8.26  9.37  11.57  0  22  0.2  0.382 0.464 0.626  1 1 1  1 0.5 -1  0.514 0.911 1  1  2.45  2.895  -1  -1  0.525 0.843 0.912  0.788  1.414  0.818  0.418  -1 0.5  1  0.225  0.54  -1  0.06  0.735  0.214  0.22  0.588  0.15 0.25 0.325  0.14  0.75 0.5 0.2  7.957  32  0  0  0  0 0 0  0  0  -1  -1  0  0  0  -1  -1  0.225  1  1.05  0.95  1  1  1  0.8  2  1  0
//9PM
149 181 204  192 207 202  234 232 200  -1  219  66  55 72 91  255 255 255  -1  -1  -1  -1  1  2500  825  62 120 141  104 198 255  13 16 21 100  0.24  0.275  0.25  2.87  214 211 188  0 0 0  0.4  375  1.55  1  1  1.25  8  64  18.73  256  0.1  0  0.74  6.73  7.24  8.08  0  20  0.25  0.333 0.422 0.544  0 0 0  0 0 0  0.813 0.934 1  1  0  0  -1  -1  0.575 0.873 0.936  0.777  0.814  0.574  0.428  -1 0.229  1  0.287  0.557  -1  0.06  0.783  0.214  0.222  0.599  0.15 0.25 0.325  0.14  0.75 0.5 0.2  4.842  32  0  0  0  0 0 0  0  0  -1  -1  0  0  0  -1  -1  0.8  1  1  0.7  1  1  1  0.825  2  1  0
//10PM
128 166 193  185 205 208  241 243 222  -1  52  66  55 72 91  255 255 255  -1  -1  -1  -1  1  2500  825  35 9 10  26 30 36  41 51 64 150  0.36  0.295  0.3  2.82  170 201 210  0 0 0  0.225  350  1.5  1  1  1.25  15  348.75  19.88  256  0.1  0  0.52  3.37  5.54  4.2  0  18  0.25  0.314 0.366 0.412  0 0 0  0 0 0  0.824 0.982 1  1  0  0  -1  -1  0.615 0.888 0.972  0.334  0.655  0.274  0.428  -1 0.211  1  0.213  0.557  -1  0.06  0.283  0.218  0.211  0.572  0.15 0.25 0.325  0.14  0.75 0.5 0.2  0.621  32  0.016  0.256  0  0 0 0  0  0  -1  -1  0  0  0  -1  -1  0.1  0.25  1.575  0.8  1  1  1  0.9  2  1  0

//SUNNY_WINDY
////Midnight
62 79 82  55 70 78  47 60 74  -1  0  129  46 85 90  0 0 0  -1  -1  -1  -1  2.5  2500  235  35 9 10  26 30 36  99 99 99 239  0.24  2.5  0.55  2.25  56 71 80  0 0 0  0.1  235  1.25  1  1  1.5  15.96  127.74  19.86  255.58  0  0  0.2  1.64  1.82  0.2  0  14  0.275  0.012 0.152 0.224  0 0 0  0 0 0  0.848 0.912 1  1  0  0  -1  -1  0.425 0.512 0.635  0.522  0.711  0.48  0.312  -1 0.212  1  0.742  0.833  -1  0.01  0.974  0.244  0.255  0.474  0.415 0.42 0.425  0.14  1 1 1  26  32  0.032  0.256  0.045  25.75 25 26  0.199  0.096  -1  -1  0  0  0  -1  -1  0  0.775  3.672  0.75  1  1  1  0.825  2  1  0
//5AM
62 79 82  55 70 78  47 60 74  -1  175  126  46 85 90  0 0 0  -1  -1  -1  -1  2.5  2500  235  35 9 10  26 30 36  92 92 92 240  0.24  2.25  0.55  2.05  56 71 80  0 0 0  0.1  235  1.25  1  1  1.5  15.96  127.74  19.86  255.58  0  0  0.22  1.72  1.94  0.1  0  16  0.275  0.012 0.153 0.227  0 0 0  0 0 0  0.664 0.732 1  1  0  0  -1  -1  0.445 0.511 0.672  0.412  0.678  0.464  0.319  -1 0.247  1  0.737  0.879  -1  0.01  0.944  0.244  0.213  0.472  0.415 0.42 0.425  0.14  1 1 1  27  32  0.016  0.256  1  25.75 25 26  0.199  0.096  -1  -1  0  0  0  -1  -1  0  0.7  1.85  0.8  1  1  1  0.825  2  1  0
//6AM
185 192 206  220 211 205  255 230 203  -1  175  49  179 174 170  255 255 255  -1  -1  -1  -1  1  2500  25000  119 120 120  105 105 105  31 31 31 239  0.2  0.22  0.35  2.6  252 220 171  0 0 0  0.45  350  1.6  1  1  1  16  128  1.46  256  0.17  77  12.33  9.14  8.72  11.11  0  18  0.25  0.332 0.433 0.542  1 0.8 0.6  1 0.8 0.6  3.272 1.344 4.461  1  8  1.825  -1  -1  0.228 0.22 0.228  0.224  0.593  0.36  0.328  -1 0.219  1  0.43  0.804  -1  0.12  0.912  0.23  0.24  0.415  0.5 1 0.5  0.14  0.735 0.435 0.135  0.852  32  0  0  0  0 0 0  0  0  -1  -1  0  0  0  -1  -1  0.225  1  1.05  1.05  1  1  1  0.75  2  1  0
//7AM
185 192 206  220 211 205  255 230 203  -1  28  49  179 174 170  255 255 255  -1  -1  -1  -1  1  2500  25000  119 120 120  105 105 105  8 8 8 239  0.2  0.22  0.35  2.6  252 220 171  0 0 0  0.45  350  1.5  1  1  1  16  128  1.46  256  0.17  77  12.07  9.12  8.74  11.16  0  15  0.2  0.332 0.433 0.542  1 0.8 0.6  1 0.8 0.6  3.272 1.344 4.461  1  8  1.825  -1  -1  0.228 0.228 0.228  0.5  1.79  0.822  0.128  -1 0.319  1  0.23  0.917  -1  0.32  0.679  0.264  0.314  0.249  0.5 1 0.5  0.14  0.735 0.435 0.135  0.552  32  0  0  0  0 0 0  0  0  -1  -1  0  0  0  -1  -1  0.225  1  1.05  0.85  1  1  1  0.775  2  1  0
//9AM
184 192 204  204 198 193  224 203 182  -1  28  62  129 130 133  255 255 255  -1  -1  -1  -1  1  2500  400  119 120 120  105 105 105  26 32 36 239  0.2  0.2  0.25  2.24  218 202 178  0 0 0  0.38  400  1.6  1  1  1  16  128  1.46  256  0.08  77  12.85  9.58  10.72  12.42  0  20  0.2  0.572 0.674 0.836  0.95 0.82 0.46  0.95 0.82 0.46  1.024 0.512 0.256  1  2  0.35  -1  -1  0.85 0.85 0.85  0.45  1.51  0.636  0.14  -1 0.35  1  0.24  0.98  -1  0.25  0.63  0.25  0.301  0.24  0.95 0.9 0.85  0.14  0.741 0.561 0.411  0.07  32  0  0  0  0 0 0  0  0  -1  -1  0  0  0  -1  -1  0.225  1  1  1.2  1  1  1  0.7  2  1  0
//Midday
182 193 199  164 164 164  145 135 128  -1  41  82  53 64 77  255 255 255  -1  -1  -1  -1  1  2500  375  119 120 120  105 105 105  0 20 30 239  0.2  0.175  0.35  1.94  218 202 178  0 0 0  0.275  375  1.7  1  1  1  16  128  1.46  256  0.18  77  12.17  9.14  10.56  12.04  0  22  0.2  0.313 0.433 0.643  0.85 0.85 0.4  0.85 0.85 0.4  1.024 0.256 0.512  1  2.5  0.5  -1  -1  0.75 0.75 0.75  0.644  1.825  0.95  0.066  -1 0.387  1  0.204  0.911  -1  0.35  0.3  0.228  0.358  0.22  0.25 0.25 0.25  1  0.75 0.75 0.825  0.07  32  0  0  0  0 0 0  0  0  -1  -1  0  0  0  -1  -1  0  1  1  0.75  1  1  1  0.75  2  1  0
//6PM
155 171 183  147 150 150  138 129 117  -1  61  82  53 64 77  255 255 255  -1  -1  -1  -1  1  2500  395  119 120 120  105 105 105  0 10 15 239  0.2  0.2  0.3  2.17  166 176 189  0 0 0  0.36  395  1.7  1  1  1  16  128  1.46  256  0.18  77  12.28  9.24  10.62  11.74  0  20  0.2  0.313 0.433 0.643  0.92 0.92 0.45  0.92 0.92 0.45  1.024 0.256 0.512  1  2.5  0.5  -1  -1  0.85 0.85 0.85  0.48  1.94  0.834  0.04  -1 0.35  1  0.24  0.933  -1  0.25  0.23  0.224  0.255  0.232  0.25 0.25 0.25  0.14  0.75 0.75 0.825  0.07  32  0  0  0  0 0 0  0  0  -1  -1  0  0  0  -1  -1  0  0.875  1  0.8  1  1  1  0.75  2  1  0
//7PM
184 211 216  219 221 211  253 230 206  -1  61  151  53 64 77  255 255 255  -1  -1  -1  -1  1  2500  450  119 120 120  105 105 105  0 12 17 239  0.2  0.22  0.25  2.64  252 193 171  0 0 0  0.5  400  1.65  1  1  1  16  128  4.53  256  0.08  77  10.26  8.53  9.22  10.35  0  18  0.185  0.332 0.433 0.542  0.8 0.8 0.8  1 0.4 0.2  0.256 1.024 0.812  1  4  3.725  -1  -1  0.484 0.484 0.484  0.8  1.616  0.713  0.256  -1 0.219  1  0.215  0.832  -1  0.024  0.287  0.234  0.24  0.32  0.5 0.85 0.525  0.14  0.762 0.326 0.084  1.452  32  0  0  0  0 0 0  0  0  -1  -1  0  0  0  -1  -1  0  0.625  1  0.6  1  1  1  0.725  2  1  0
//8PM
119 160 183  186 183 178  252 205 173  -1  179  176  94 113 136  255 255 255  -1  -1  -1  -1  1  2500  475  62 120 141  104 198 255  13 14 15 238  0.2  0.24  0.2  2.72  225 183 168  0 0 0  0.5  400  1.65  1  1  1  8  64  18.73  256  0.1  0  10.21  8.39  9.51  9.12  0  16  0.2  0.382 0.493 0.562  0.8 0.8 0.8  1 0.4 -0.2  0.412 0.733 0.884  1  4  3.725  -1  -1  0.737 0.737 0.737  0.808  1.416  0.655  0.256  -1 0.229  1  0.224  0.836  -1  0.024  0.307  0.217  0.255  0.312  0.5 0.85 0.525  0.14  0.762 0.326 0.084  1.852  32  0  0  0  0 0 0  0  0  -1  -1  0  0  0  -1  -1  0.175  0.7  1.825  0.5  1  1  1  0.8  2  1  0
//9PM
105 140 158  153 155 153  201 169 148  -1  205  176  94 113 136  255 255 255  -1  -1  -1  -1  1  2500  575  62 120 141  104 198 255  16 23 28 238  0.2  0.26  0.25  2.78  197 173 165  0 0 0  0.35  375  1.6  1  1  1.25  16  128  18.73  256  0.1  0  0.69  4.2  6.36  7.25  0  16  0.25  0.382 0.493 0.562  0 0 0  0 0 0  0.416 1.112 0.934  1  0  0  -1  -1  0.811 0.811 0.811  0.877  0.855  0.515  0.233  -1 0.232  1  0.124  0.738  -1  0.022  0.887  0.212  0.208  0.326  0.6 0.887 0.6  0.14  0.762 0.326 0.084  1.909  32  0  0  0  0 0 0  0  0  -1  -1  0  0  0  -1  -1  0.125  0.75  1.5  0.5  1  1  1  0.8  2  1  0
//10PM
91 120 133  121 127 129  150 133 124  -1  205  120  43 56 66  0 0 0  -1  -1  -1  -1  1  2500  475  35 9 10  26 30 36  13 17 21 240  0.2  0.24  0.35  2.58  170 162 163  0 0 0  0.25  350  1.6  1  1  1.2  15.96  127.74  19.86  255.58  0  0  0.49  4.1  5.18  3.75  0  16  0.25  0.307 0.401 0.505  0 0 0  0 0 0  0.274 0.909 0.994  1  0  0  -1  -1  0.912 0.912 0.912  0.726  0.922  0.444  0.32  -1 0.274  1  0.724  0.813  -1  0.022  0.864  0.2  0.718  0.555  0.6 0.887 0.6  0.14  0.762 0.326 0.084  1.104  32  0.008  0.256  0  0 0 0  0  0  -1  -1  0  0  0  -1  -1  0  0.575  1.48  0.65  1  1  1  0.925  2  1  0

//CLOUDY
////Midnight
82 75 63  78 75 55  73 74 47  -1  0  20  85 81 51  0 0 0  -1  -1  -1  -1  2.5  2500  250  35 9 10  26 30 36  5 10 15 240  0.24  2.25  0.5  2.34  80 77 56  0 0 0  0.15  250  1.25  1  1  1.5  16  128  19.88  256  0  0  0.15  1.42  1.69  0.28  0  12  0.275  0.242 0.252 0.222  0 0 0  0 0 0  0.672 0.812 0.987  1  0  0  -1  -1  0.228 0.313 0.446  0.999  0.888  0.615  0.733  -1 0.783  1  0.938  0.777  -1  0.01  0.3  0.245  0.711  0.844  0.215 0.32 0.425  0.14  0.42 0.35 0.18  26  32  0.008  0  0  25.75 25 26  0  0  -1  -1  0  0  0  -1  -1  0  0.45  4  0.85  1  1  1  0.95  1  1  0
//5AM
82 75 63  78 75 55  73 74 47  -1  35  20  85 81 51  0 0 0  -1  -1  -1  -1  2.5  2500  250  35 9 10  26 30 36  5 10 15 240  0.24  2.185  0.5  2.24  80 77 56  0 0 0  0.15  225  1.25  1  1  1.5  16  128  19.88  256  0  0  0.23  1.52  1.74  0.14  0  14  0.275  0.242 0.252 0.222  0 0 0  0 0 0  0.583 0.744 0.911  1  0  0  -1  -1  0.197 0.289 0.384  0.889  0.778  0.522  0.619  -1 0.71  1  0.855  0.707  -1  0.01  0.25  0.115  0.666  0.717  0.222 0.333 0.444  0.14  0.42 0.35 0.18  26  32  0.004  0  0  25.75 25 26  0  0  -1  -1  0  0.11  0  -1  -1  0  0.45  4  0.85  1  1  1  0.95  1  1  0
//6AM
95 99 105  124 116 93  152 133 81  -1  35  61  54 74 82  255 255 255  -1  -1  -1  -1  1  2500  5000  119 120 120  105 105 105  13 11 9 239  0.32  1.846  0.1  2.7  124 110 72  0 0 0  0.45  400  1.35  1  1  1  16  128  1.46  256  0.18  77  1.11  2.24  4.4  4.21  0  15  0.25  0.222 0.244 0.228  0.5 0.25 -0.1  0.25 0.35 0.25  0.214 0.146 0.103  1  2  4  -1  -1  0.188 0.374 0.447  0.742  0.974  0.35  0.169  -1 0.877  1  0.721  0.253  -1  0.07  0.145  0.799  0.89  0.102  0.394 0.462 0.514  0.14  0.685 0.535 0.215  1.425  32  0  0  0  0 0 0  0  0  -1  -1  0  0  0  -1  -1  0.275  1  1.5  0.6  1  1  1  0.725  2  1  0
//7AM
108 123 147  170 158 131  231 192 114  -1  52  102  23 66 113  255 255 255  -1  -1  -1  -1  1  2500  5000  58 72 40  199 230 196  6 15 11 240  0.32  0.994  0.1  2.88  168 143 87  0 0 0  0.45  500  1.5  1  1  1  16  128  1.24  256  0.18  217  2.55  4.52  6.77  6.82  0  16  0.25  0.212 0.264 0.426  0.5 0.25 -0.25  0.4 0.3 0.1  0.339 0.305 0.354  1  2  4  -1  -1  0.218 0.387 0.562  0.798  0.93  0.437  0.207  -1 0.799  1  0.623  0.273  -1  0.07  0.231  0.666  0.704  0.179  0.444 0.528 0.585  0.14  0.785 0.635 0.315  1.425  32  0  0.685  0  24 25 26  0  0  -1  -1  0  0  0  -1  -1  0  0.875  1  0.95  1  1  1  0.525  2  1  0
//9AM
148 161 177  190 186 171  230 209 165  -1  68  102  23 66 113  255 255 255  -1  -1  -1  -1  1  2500  1500  119 120 120  105 105 105  6 15 11 239  0.32  0.294  0.1  2.88  185 173 141  0 0 0  0.45  600  1.5  1  1  1  15.94  127.65  1.47  255.43  0.1  77  1.1  7.66  9.13  8.44  0  16  0.25  0.382 0.424 0.5  0.5 0.35 0  0.5 0.5 0.5  0.588 0.623 0.857  1  2  2  -1  -1  0.277 0.412 0.792  0.909  0.841  0.012  0.282  -1 0.642  1  0.426  0.313  -1  0.07  0.404  0.399  0.333  0.303  0.543 0.66 0.726  0.14  0.77 0.62 0.3  1.425  32  0  0.685  0  24 25 26  0  0  -1  -1  0  0  0  -1  -1  0.3  1  1.5  0.5  1  1  1  0.725  2  1  0
//Midday
209 219 221  219 227 232  228 235 242  -1  68  82  209 227 231  255 255 255  -1  -1  -1  -1  1  2500  800  119 120 120  105 105 105  0 0 0 239  0.32  0.265  0  2.18  185 173 141  0 0 0  0.45  650  1.5  1  1  1  15.94  127.65  1.47  255.43  0.1  77  0.4  11.27  13.42  10.52  0  20  0.25  0.482 0.566 0.624  0.5 0.5 0.5  0.5 0.5 0.5  0.536 0.714 0.982  1  2  0.4  -1  -1  0.344 0.567 0.812  0.845  1.833  0.71  0.828  -1 0.955  1  0.626  0.431  -1  0.07  0.778  0.932  0.313  0.844  0.981 0.667 0.848  0  0.325 0.325 0.325  1.425  32  0  0  0  0 0 0  0  0  -1  -1  0  0  0  -1  -1  0.3  1  1.5  0.6  1  1  1  0.725  2  1  0
//6PM
183 197 204  193 206 214  202 214 223  -1  61  82  209 227 231  255 255 255  -1  -1  -1  -1  1  2500  850  119 120 120  105 105 105  0 0 0 239  0.32  0.305  0  2.44  114 138 148  0 0 0  0.35  575  1.5  1  1  1  15.94  127.65  1.47  255.43  0.1  77  0.28  9.8  11.36  9.09  0  18  0.25  0.39 0.458 0.516  0.5 0.5 0.5  0.5 0.35 0.25  0.343 0.367 0.379  1  2  0.4  -1  -1  0.257 0.376 0.527  0.778  0.9  0.197  0.291  -1 0.694  1  0.53  0.31  -1  0.07  0.138  0.862  0.644  0.257  0.342 0.382 0.466  0  0.325 0.325 0.325  1.425  32  0  0  0  0 0 0  0  0  -1  -1  0  0  0  -1  -1  0.3  1  1.5  0.6  1  1  1  0.725  2  1  0
//7PM
114 131 141  164 166 136  214 201 131  -1  61  97  34 60 102  255 255 255  -1  -1  -1  -1  1  2500  2500  119 120 120  105 105 105  6 15 12 239  0.32  0.898  0.1  2.78  149 142 106  0 0 0  0.5  500  1.5  1  1  1  16  128  1.46  256  0.18  77  0.88  6.39  7.44  5.55  0  16  0.25  0.233 0.266 0.299  0.4 0.3 0.1  0.5 0.15 -0.3  0.311 0.309 0.279  1  2  4  -1  -1  0.242 0.344 0.48  0.377  0.744  0.111  0.202  -1 0.65  1  0.514  0.29  -1  0.07  0.031  0.85  0.699  0.159  0.236 0.335 0.402  0.14  0.725 0.615 0.3  1.425  32  0  0.685  0  24 25 26  0  0  -1  -1  0  0  0  -1  -1  0  0.875  1  0.95  1  1  1  0.525  2  1  0
//8PM
108 120 123  147 148 119  186 176 114  -1  54  82  44 64 92  255 255 255  -1  -1  -1  -1  1  2500  2050  119 120 120  105 105 105  13 11 9 239  0.32  1.168  0.1  2.69  135 129 96  0 0 0  0.43  400  1.45  1  1  1  16  128  1.46  256  0.18  77  0.73  5.4  6.29  4.5  0  15  0.25  0.236 0.263 0.284  0.25 0.35 0.25  0.5 0.25 -0.1  0.431 0.477 0.515  1  2  4  -1  -1  0.237 0.334 0.469  0.584  0.792  0.279  0.379  -1 0.694  1  0.655  0.452  -1  0.05  0.154  0.648  0.703  0.387  0.229 0.33 0.41  0.146  0.57 0.42 0.1  1.425  32  0  0.685  0  24 25 26  0  0  -1  -1  0  0  0  -1  -1  0  0.45  2.35  0.95  1  1  1  1  2  1  0
//9PM
101 109 106  130 130 102  158 150 97  -1  50  66  54 68 82  0 0 0  -1  -1  -1  -1  2.5  2500  1000  35 9 10  26 30 36  5 10 15 240  0.32  1.439  0.15  2.6  121 116 86  0 0 0  0.36  355  1.4  1  1  1.5  16  128  19.88  256  0  0  0.59  4.4  5.14  3.44  0  14  0.25  0.237 0.26 0.268  0.5 0.5 0.5  0.5 0.5 0.5  0.552 0.644 0.751  1  0  0  -1  -1  0.233 0.323 0.457  0.792  0.84  0.447  0.556  -1 0.739  1  0.797  0.615  -1  0.03  0.277  0.447  0.707  0.616  0.222 0.325 0.417  0.14  0.42 0.35 0.18  1.425  32  0.004  0.685  0  24 25 26  0  0  -1  -1  0  0  0  -1  -1  0  0.45  2.35  0.95  1  1  1  1  2  1  0
//10PM
95 97 88  112 111 90  129 125 81  -1  46  51  65 73 71  0 0 0  -1  -1  -1  -1  2.5  2500  500  35 9 10  26 30 36  5 10 15 240  0.32  1.709  0.2  2.52  108 103 76  0 0 0  0.28  313  1.3  1  1  1.5  16  128  19.88  256  0  0  0.44  3.41  3.99  2.39  0  14  0.275  0.24 0.255 0.237  0.5 0.5 0.5  0.5 0.5 0.5  0.672 0.812 0.987  1  0  0  -1  -1  0.228 0.313 0.446  0.999  0.888  0.615  0.733  -1 0.783  1  0.938  0.777  -1  0.01  0.4  0.245  0.711  0.844  0.215 0.32 0.425  0.14  0.92 0.85 0.68  1.425  32  0.004  0  0  25.75 25 26  0  0  -1  -1  0  0  0  -1  -1  0  0.45  3  0.85  1  1  1  0.95  2  1  0

//RAIN
////Midnight
78 73 58  81 79 53  84 84 48  -1  0  21  85 74 51  0 0 0  -1  -1  -1  -1  2.5  2500  250  119 120 120  105 105 105  5 10 15 125  0.48  2  0.35  2.85  74 62 45  0 0 0  0.25  250  1.25  1  1  1.5  16  128  1.46  256  0.11  77  0.12  1.11  1.32  0.5  0  10  1  0.225 0.235 0.24  0 0 0  0 0 0  0.594 0.749 0.844  1  0  0  -1  -1  0.714 0.805 0.9  1  0.905  0.58  0.77  -1 0.68  1  0.92  0.854  -1  0.01  0.425  0.285  0.788  0.83  0.62 0.8 0.95  0.925  0.85 0.775 0.55  26  32  0  0.685  0  24 25 26  0  0  -1  -1  0  0  0  -1  -1  0  0.3  2.375  0.8  1  1  1  0.75  2  1  0
//5AM
78 73 58  81 79 53  84 84 48  -1  33  21  85 74 51  255 255 255  -1  -1  -1  -1  2.5  2500  250  119 120 120  105 105 105  5 10 15 125  0.48  2  0.35  2.85  77 80 56  0 0 0  0.25  250  1.25  1  1  1.5  16  128  1.46  256  0.11  77  0.2  1.22  1.44  0.25  0  11  1  0.225 0.235 0.24  0 0 0  0 0 0  0.514 0.711 0.83  1  0  0  -1  -1  0.255 0.619 0.884  0.95  0.875  0.51  0.655  -1 0.61  1  0.844  0.7  -1  0.01  0.375  0.21  0.644  0.747  0.555 0.732 0.806  0.925  0.85 0.775 0.55  26  32  0  0.685  0  24 25 26  0  0  -1  -1  0  0  0  -1  -1  0  0.3  2.625  0.9  1  1  1  0.75  2  1  0
//6AM
95 103 106  117 119 102  139 135 97  -1  33  105  157 154 145  255 255 255  -1  -1  -1  -1  1  2500  375  119 120 120  105 105 105  6 15 11 126  0.48  1.406  0.425  5.87  77 80 56  0 0 0  0.18  250  1.25  1  1  1  16  128  1.46  256  0.11  77  0.34  3.18  2.74  1.69  -100  12  1  0.313 0.343 0.333  0.2 0.1 0  0.2 0.2 0.2  0.284 0.286 0.303  1  2  4  -1  -1  0.318 0.294 0.4  0.75  0.89  0.25  0.133  -1 0.715  1  0.525  0.423  -1  0.05  0.18  0.54  0.65  0.105  0.404 0.435 0.484  0.91  0.53 0.415 0.15  1.425  32  0  0.685  0  24 25 26  0  0  -1  -1  0  0  0  -1  -1  0.197  1  2.025  0.9  1  1  1  0.75  2  1  0
//7AM
111 132 153  153 159 150  194 185 146  -1  104  188  228 234 239  255 255 255  -1  -1  -1  -1  1  2500  500  119 120 120  105 105 105  6 15 11 239  0.48  0.812  0.5  8.88  113 107 82  0 0 0  0.1  250  1.25  1  1  1  16  128  1.46  256  0.08  77  0.48  5.14  4.03  3.12  -100  14  1  0.4 0.45 0.425  0.4 0.2 0  0.4 0.4 0.4  0.374 0.34 0.392  1  2  4  -1  -1  0.266 0.313 0.481  0.818  0.945  0.4  0.227  -1 0.815  1  0.62  0.515  -1  0.05  0.255  0.606  0.707  0.159  0.512 0.537 0.574  0  0.63 0.515 0.2  1.425  32  0  0.685  0  24 25 26  0  0  -1  -1  0  0  0  -1  -1  0  1  1.95  1.3  1  1  1  0.725  2  1  0
//9AM
138 156 173  136 145 147  132 129 108  -1  174  187  227 233 238  255 255 255  -1  -1  -1  -1  1  2500  600  58 72 40  199 230 196  0 0 0 240  0.48  0.817  0.44  7.02  148 134 107  0 0 0  0.25  270  1.35  1  1  1  15.93  127.6  1.48  255.36  0.08  217  0.38  6.93  6  4.58  -100  15  0.8  0.4 0.43 0.42  0.44 0.32 0.2  0.44 0.44 0.44  0.439 0.49 0.628  1  2  2.5  -1  -1  0.297 0.415 0.613  0.829  1.3  0.524  0.467  -1 0.871  1  0.622  0.481  -1  0.058  0.464  0.736  0.549  0.433  0.7 0.589 0.684  0.192  0.508 0.439 0.25  1.425  32  0  0.685  0  24 25 26  0  0  -1  -1  0  0  0  -1  -1  0.275  1  1.425  1  1  1  1  0.75  2  1  0
//Midday
179 191 204  109 118 127  39 44 50  -1  179  186  228 234 239  255 255 255  -1  -1  -1  -1  1  2500  750  58 72 40  199 230 196  0 0 0 240  0.48  0.825  0.35  4.24  142 136 120  0 0 0  0.5  300  1.5  1  1  1  15.93  127.6  1.48  255.36  0.08  217  0.24  9.62  8.95  6.78  -100  16  0.5  0.4 0.4 0.41  0.5 0.5 0.5  0.5 0.5 0.5  0.536 0.714 0.982  1  2  0.5  -1  -1  0.344 0.567 0.812  0.845  1.833  0.71  0.828  -1 0.955  1  0.626  0.431  -1  0.07  0.778  0.932  0.313  0.844  0.981 0.667 0.848  0.192  0.325 0.325 0.325  1.425  32  0  0.685  0  24 25 26  0  0  -1  -1  0  0  0  -1  -1  0.275  1  2.15  0.8  1  1  1  0.75  2  1  0
//6PM
179 191 204  109 118 127  39 44 50  -1  186  186  228 234 239  255 255 255  -1  -1  -1  -1  1  2500  750  58 72 40  199 230 196  0 0 0 240  0.48  0.825  0.35  4.24  132 139 140  0 0 0  0.5  300  1.5  1  1  1  15.93  127.6  1.48  255.36  0.08  217  0.24  9.62  8.95  6.78  -100  16  0.5  0.4 0.4 0.41  0.5 0.5 0.5  0.5 0.5 0.5  0.536 0.714 0.982  1  2  0.5  -1  -1  0.344 0.567 0.812  0.845  1.833  0.71  0.828  -1 0.955  1  0.626  0.431  -1  0.07  0.778  0.932  0.313  0.844  0.981 0.667 0.848  0.192  0.325 0.325 0.325  1.425  32  0  0  0  0 0 0  0  0  -1  -1  0  0  0  -1  -1  0.275  1  2.1  0.9  1  1  1  0.75  2  1  0
//7PM
122 132 141  159 146 143  196 159 145  -1  186  187  239 235 228  255 255 255  -1  -1  -1  -1  1  2500  500  119 120 120  105 105 105  6 15 11 125  0.48  0.95  0.5  6.5  132 139 140  0 0 0  0.15  250  1.25  1  1  1  16  128  1.46  256  0.11  77  0.14  4.75  3.33  3.8  -100  14  0.583  0.4 0.45 0.425  0.4 0.4 0.4  0.4 0.1 0  0.3 0.318 0.355  1  2  4  -1  -1  0.299 0.384 0.416  0.865  0.92  0.35  0.285  -1 0.777  1  0.65  0.555  -1  0.05  0.228  0.584  0.769  0.134  0.582 0.566 0.572  0.925  0.55 0.4 0.15  1.425  32  0  0.685  0  24 25 26  0  0  -1  -1  0  0  0  -1  -1  0  1  1.775  0.85  1  1  1  0.75  2  1  0
//8PM
113 120 124  143 133 125  174 144 126  -1  162  154  208 203 193  255 255 255  -1  -1  -1  -1  1  2500  750  119 120 120  105 105 105  13 11 9 239  0.48  1.16  0.425  5.77  149 123 106  0 0 0  0.17  250  1.25  1  1  1  16  128  1.46  256  0.08  77  0.14  4.02  2.93  3.14  -100  13  0.667  0.365 0.407 0.388  0.45 0.45 0.45  0.45 0.3 0.25  0.359 0.404 0.453  1  2  4  -1  -1  0.382 0.468 0.513  0.892  0.917  0.396  0.375  -1 0.778  1  0.704  0.615  -1  0.05  0.267  0.524  0.773  0.273  0.57 0.613 0.648  0.14  0.61 0.475 0.23  1.425  32  0  0.685  0  24 25 26  0  0  -1  -1  0  0  0  -1  -1  0.45  1  1.575  1.5  1  1  1  0.701  2  1  0
//9PM
104 108 108  128 119 107  151 129 106  -1  136  121  177 171 157  0 0 0  -1  -1  -1  -1  2.5  2500  1000  69 86 48  199 230 196  5 10 15 240  0.48  1.37  0.35  4.31  135 114 96  0 0 0  0.19  250  1.25  1  1  1.5  15.93  127.58  1.48  255.32  0.08  217  0.13  3.29  2.53  2.48  0  12  0.75  0.33 0.364 0.351  0.5 0.5 0.5  0.5 0.5 0.5  0.418 0.49 0.451  1  0  0  -1  -1  0.465 0.552 0.61  0.919  0.914  0.442  0.464  -1 0.779  1  0.758  0.675  -1  0.03  0.307  0.464  0.777  0.412  0.557 0.66 0.723  0.192  0.45 0.3 0.05  1.425  32  0.004  0.685  0  24 25 26  0  0  -1  -1  0  0  0  -1  -1  0.275  1  2.125  0.75  1  1  1  1  2  1  0
//10PM
87 85 75  112 106 89  129 114 87  -1  110  87  147 138 122  0 0 0  -1  -1  -1  -1  2.5  2500  500  69 86 48  199 230 196  5 10 15 240  0.48  1.58  0.35  3.58  120 106 86  0 0 0  0.21  250  1.25  1  1  1.5  15.93  127.58  1.48  255.32  0.08  217  0.13  2.57  2.12  1.82  0  12  0.833  0.295 0.321 0.314  0.5 0.5 0.5  0.5 0.5 0.5  0.476 0.577 0.648  1  0  0  -1  -1  0.548 0.637 0.706  0.946  0.911  0.488  0.554  -1 0.781  1  0.812  0.734  -1  0.01  0.346  0.405  0.78  0.552  0.545 0.706 0.799  0.14  0.85 0.775 0.55  1.425  32  0  0.685  0  24 25 26  0  0  -1  -1  0  0  0  -1  -1  0.275  1  1.65  0.8  1  1  1  0.95  2  1  0

//DRIZZLE
////Midnight
78 73 58  81 79 53  84 84 48  -1  0  0  85 74 51  0 0 0  -1  -1  -1  -1  2.5  2500  250  119 120 120  105 105 105  5 10 15 125  0.48  2  0.35  2.85  74 56 30  0 0 0  0.25  250  1.25  1  1  1.5  16  128  1.46  256  0.11  77  0.12  1.11  1.32  0.5  0  10  1  0.18 0.21123 0.225  0 0 0  0 0 0  0.594 0.749 0.844  1  0  0  -1  -1  0.714 0.805 0.9  1  0.905  0.58  0.77  -1 0.68  1  0.92  0.854  -1  0.01  0.425  0.285  0.788  0.83  0.62 0.8 0.95  0.925  0.85 0.775 0.55  26  32  0  0.685  0  24 25 26  0  0  -1  -1  0  0  0  -1  -1  0  0.3  2.375  0.8  1  1  1  0.75  2  1  0
//5AM
78 73 58  81 79 53  84 84 48  -1  33  21  85 74 51  255 255 255  -1  -1  -1  -1  2.5  2500  250  119 120 120  105 105 105  5 10 15 125  0.48  2  0.35  2.85  77 80 56  0 0 0  0.25  250  1.25  1  1  1.5  16  128  1.46  256  0.11  77  0.2  1.22  1.44  0.25  0  11  1  0.46875 0.489584 0.5  0 0 0  0 0 0  0.514 0.711 0.83  1  0  0  -1  -1  0.255 0.619 0.884  0.95  0.875  0.51  0.655  -1 0.61  1  0.844  0.7  -1  0.01  0.375  0.21  0.644  0.747  0.555 0.732 0.806  0.925  0.85 0.775 0.55  26  32  0  0.685  0  24 25 26  0  0  -1  -1  0  0  0  -1  -1  0  0.3  2.625  0.9  1  1  1  0.75  2  1  0
//6AM
147 180 192  154 171 192  194 194 194  -1  0  82  130 172 189  255 255 255  -1  -1  -1  -1  1  2500  300  58 72 40  199 230 196  30 16 0 240  0.64  0.235  0.4  2.65  104 131 140  0 0 0  0.35  275  1.5  1  1  1.5  16  128  1.46  256  0.08  217  0  1.5  1.5  2.5  0  17  0.7  0.0175 0.0305027 0.05  0 0 0  0 0 0  0.356 0.356 0.356  1  2  0  -1  -1  0.124 0.273 0.311  0.45  0.91  0.392  0.64  -1 0.654  1  0.94  0.88  -1  0.25  0.92  0.654  0.721  0.94  0.95 0.9 0.85  0.14  0.25 0.230625 0.1875  0  32  0  0  0  0 0 0  0  0  -1  -1  0  0  0  -1  -1  0.25  0.725  1  0.9  1  1  1  0.925  2  1  0
//7AM
147 180 192  154 171 192  193 194 180  -1  0  82  141 186 189  255 255 255  -1  -1  -1  -1  1  2500  300  58 72 40  199 230 196  30 16 0 240  0.64  0.235  0.4  2.65  104 131 140  0 0 0  0.35  275  1.5  1  1  1  16  128  1.46  256  0.08  217  3  2.5  4  3.5  0  17  0.7  0.53625 0.615877 0.65  1 1 1  1 1 1  0.356 0.356 0.356  1  2  0.05  -1  -1  0.124 0.273 0.311  0.45  0.91  0.392  0.64  -1 0.654  1  0.94  0.88  -1  0.25  0.92  0.654  0.721  0.94  0.95 0.9 0.85  0.14  0.6 0.5535 0.45  0  32  0  0  0  0 0 0  0  0  -1  -1  0  0  0  -1  -1  0.25  0.725  1  0.9  1  1  1  0.925  2  1  0
//9AM
171 189 192  154 171 192  193 194 180  -1  0  82  130 158 189  255 255 255  -1  -1  -1  -1  1  2500  300  58 72 40  199 230 196  30 16 0 240  0.64  0.235  0.4  2.65  104 131 140  0 0 0  0.35  275  1.5  1  1  1  16  128  1.46  256  0.08  217  5  3.45  5.28  4.256  0  17  0.7  0.475 0.4925 0.5  1 0.8 0.75  1 0.8 0.75  0.356 0.356 0.356  1  2  0.35  -1  -1  0.124 0.273 0.311  0.45  0.91  0.392  0.64  -1 0.654  1  0.94  0.88  -1  0.25  0.92  0.654  0.721  0.94  0.95 0.9 0.85  0.14  0.835 0.785 0.785  0  32  0  0  0  0 0 0  0  0  -1  -1  0  0  0  -1  -1  0.25  0.725  1  0.9  1  1  1  0.925  2  1  0
//Midday
171 189 192  154 171 192  193 194 180  -1  61  82  130 153 189  255 255 255  -1  -1  -1  -1  1  2500  300  58 72 40  199 230 196  30 16 0 240  0.64  0.235  0.4  2.65  223 225 206  0 0 0  0.35  275  1.5  1  1  1  16  128  1.46  256  0.08  217  7.24  3.45  5.28  4.256  0  17  0.7  0.02 0.05 0.04  1 0.8 0.75  1 0.8 0.75  0.356 0.356 0.356  1  2  0.35  -1  -1  0.124 0.273 0.311  0.45  0.91  0.392  0.64  -1 0.654  1  0.94  0.88  -1  0.25  0.92  0.654  0.721  0.94  0.95 0.9 0.85  0.14  0.835 0.785 0.785  0  32  0  0  0  0 0 0  0  0  -1  -1  0  0  0  -1  -1  0.25  0.725  1  0.9  1  1  1  0.925  2  1  0
//6PM
171 189 192  154 171 192  193 194 180  -1  61  82  130 153 189  255 255 255  -1  -1  -1  -1  1  2500  300  58 72 40  199 230 196  30 16 0 240  0.64  0.235  0.4  2.65  223 225 206  0 0 0  0.35  275  1.5  1  1  1  16  128  1.46  256  0.08  217  7.24  3.45  5.28  4.256  0  17  0.7  0.02 0.05 0.04  1 0.8 0.75  1 0.8 0.75  0.356 0.356 0.356  1  2  0.35  -1  -1  0.124 0.273 0.311  0.45  0.91  0.392  0.64  -1 0.654  1  0.94  0.88  -1  0.25  0.92  0.654  0.721  0.94  0.95 0.9 0.85  0.14  0.835 0.785 0.785  0  32  0  0  0  0 0 0  0  0  -1  -1  0  0  0  -1  -1  0.25  0.725  1  0.9  1  1  1  0.925  2  1  0
//7PM
171 189 192  192 186 173  194 188 180  -1  61  82  130 153 189  255 255 255  -1  -1  -1  -1  1  2500  300  58 72 40  199 230 196  30 16 0 240  0.64  0.235  0.4  2.65  223 225 206  0 0 0  0.35  275  1.5  1  1  1  16  128  1.46  256  0.08  217  7.24  3.45  5.28  4.256  0  17  0.7  0.02 0.05 0.04  1 0.8 0.75  1 0.8 0.75  0.356 0.356 0.356  1  2  0.35  -1  -1  0.124 0.273 0.311  0.45  0.91  0.392  0.64  -1 0.654  1  0.94  0.88  -1  0.25  0.92  0.654  0.721  0.94  0.95 0.9 0.85  0.14  0.835 0.790119 0.730625  0  32  0  0  0  0 0 0  0  0  -1  -1  0  0  0  -1  -1  0.25  0.725  1  0.9  1  1  1  0.925  2  1  0
//8PM
171 189 192  192 186 173  255 60 0  -1  61  82  130 153 189  255 255 255  -1  -1  -1  -1  1  2500  300  58 72 40  199 230 196  30 16 0 240  0.64  0.235  0.4  2.65  223 225 206  0 0 0  0.35  275  1.5  1  1  1  16  128  1.46  256  0.08  217  3  3  3  4.256  0  17  0.7  0.02 0.05 0.04  1 0.8 0.75  1 0.8 0.75  0.356 0.356 0.356  1  2  0.35  -1  -1  0.124 0.273 0.311  0.45  0.91  0.392  0.64  -1 0.654  1  0.94  0.88  -1  0.25  0.92  0.654  0.721  0.94  0.95 0.9 0.85  0.14  0.835 0.601617 0.29225  0  32  0  0  0  0 0 0  0  0  -1  -1  0  0  0  -1  -1  0.25  0.725  1  0.9  1  1  1  0.925  2  1  0
//9PM
104 108 108  128 119 107  151 129 106  -1  136  64  142 159 177  0 0 0  -1  -1  -1  -1  2.5  2500  1000  69 86 48  199 230 196  5 10 15 240  0.48  1.37  0.35  4.31  82 107 135  0 0 0  0.19  250  1.25  1  1  1.5  15.93  127.58  1.48  255.32  0.08  217  0.13  3.29  2.53  2.48  0  12  0.75  0.49875 0.525 0.4725  0.5 0.5 0.5  0.5 0.5 0.5  0.418 0.49 0.451  1  0  0  -1  -1  0.465 0.552 0.61  0.919  0.914  0.442  0.464  -1 0.779  1  0.758  0.675  -1  0.03  0.307  0.464  0.777  0.412  0.557 0.66 0.723  0.192  0.75 0.225 0  1.425  32  0.004  0.685  0  24 25 26  0  0  -1  -1  0  0  0  -1  -1  0.275  1  2.125  0.75  1  1  1  1  2  1  0
//10PM
87 82 61  112 106 89  129 114 87  -1  110  58  255 158 105  0 0 0  -1  -1  -1  -1  2.5  2500  500  69 86 48  199 230 196  5 10 15 240  0.48  1.58  0.35  3.58  120 106 86  0 0 0  0.21  250  1.25  1  1  1.5  15.93  127.58  1.48  255.32  0.08  217  0.13  3.5  2.5  1.82  0  12  0.833  0.356573 0.388 0.379539  0.5 0.5 0.5  0.5 0.5 0.5  0.476 0.577 0.648  1  0  0  -1  -1  0.548 0.637 0.706  0.946  0.911  0.488  0.554  -1 0.781  1  0.812  0.734  -1  0.01  0.346  0.405  0.78  0.552  0.545 0.706 0.799  0.14  1 0.911765 0.647059  1.425  32  0  0.685  0  24 25 26  0  0  -1  -1  0  0  0  -1  -1  0.275  1  1.65  0.8  1  1  1  0.95  2  1  0

//FOGGY
////Midnight
50 46 40  49 50 45  0 0 0  -1  240  240  255 231 180  255 255 255  -1  -1  -1  -1  1  2500  350  58 72 40  199 230 196  0 0 0 240  0.48  0.285  0.8  3.33  255 176 106  0 0 0  0.4  180  1.5  1  1  1  16  128  1.46  256  0.08  217  0.12  1.5  1.5  0.175  -100  15  0.25  0.245575 0.247788 0.25  0 0 0  0 0 0  0.536 0.714 0.982  1  2  0  -1  -1  0.344 0.567 0.812  0.845  1.833  0.71  0.828  -1 0.955  1  0.626  0.431  -1  0.07  0.778  0.932  0.313  0.844  0.981 0.667 0.848  0  0.325 0.325 0.325  1.025  32  0  0  0  0 0 0  0  0  -1  -1  0  0  0  -1  -1  0.275  1  1.55  0.8  1  1  1  0.75  2  1  0
//5AM
50 46 40  49 50 45  0 0 0  -1  240  240  255 240 205  255 255 255  -1  -1  -1  -1  1  2500  350  58 72 40  199 230 196  0 0 0 240  0.48  0.285  0.8  3.33  240 247 255  0 0 0  0.4  180  1.5  1  1  1  16  128  1.46  256  0.08  217  0.12  1.5  1.5  0.175  -100  15  0.25  0.245575 0.247788 0.25  0 0 0  0 0 0  0.536 0.714 0.982  1  2  0  -1  -1  0.344 0.567 0.812  0.845  1.833  0.71  0.828  -1 0.955  1  0.626  0.431  -1  0.07  0.778  0.932  0.313  0.844  0.981 0.667 0.848  0  0.325 0.325 0.325  1.025  32  0  0  0  0 0 0  0  0  -1  -1  0  0  0  -1  -1  0.275  1  1.55  0.8  1  1  1  0.75  2  1  0
//6AM
61 70 100  71 84 100  39 45 50  -1  240  240  129 173 255  255 255 255  -1  -1  -1  -1  1  2500  350  58 72 40  199 230 196  0 0 0 240  0.48  0.285  0.8  3.33  233 230 255  0 0 0  0.4  180  1.5  1  1  1  16  128  1.46  256  0.08  217  0.12  3.5  3.5  2  -100  15  0.25  0.982301 0.99115 1  0.75 0.75 0.75  0.75 0.75 0.75  0.536 0.714 0.982  1  2  0  -1  -1  0.344 0.567 0.812  0.845  1.833  0.71  0.828  -1 0.955  1  0.626  0.431  -1  0.07  0.778  0.932  0.313  0.844  0.981 0.667 0.848  0  0.325 0.325 0.325  1.025  32  0  0  0  0 0 0  0  0  -1  -1  0  0  0  -1  -1  0.275  1  1.55  0.8  1  1  1  0.75  2  1  0
//7AM
161 193 200  113 119 125  39 45 50  -1  0  240  141 194 205  255 255 255  -1  -1  -1  -1  1  2500  350  58 72 40  199 230 196  0 0 0 240  0.48  0.285  0.8  3.33  109 121 122  0 0 0  0.4  180  1.5  1  1  1  16  128  1.46  256  0.08  217  0.12  8  8  9.39  -100  15  0.25  0.333 0.336 0.339  0.75 0.75 0.75  0.75 0.75 0.75  0.536 0.714 0.982  1  2  0.5  -1  -1  0.344 0.567 0.812  0.845  1.833  0.71  0.828  -1 0.955  1  0.626  0.431  -1  0.07  0.778  0.932  0.313  0.844  0.981 0.667 0.848  0  0.325 0.325 0.325  1.025  32  0  0  0  0 0 0  0  0  -1  -1  0  0  0  -1  -1  0.275  1  1.55  0.8  1  1  1  0.75  2  1  0
//9AM
187 193 200  113 119 125  39 45 50  -1  0  240  181 195 205  255 255 255  -1  -1  -1  -1  1  2500  350  58 72 40  199 230 196  0 0 0 240  0.48  0.285  0.8  3.33  109 121 122  0 0 0  0.4  180  1.5  1  1  1  16  128  1.46  256  0.08  217  0.12  10.31  9.66  9.39  -100  15  0.25  0.333 0.336 0.339  0.75 0.75 0.75  0.75 0.75 0.75  0.536 0.714 0.982  1  2  0.5  -1  -1  0.344 0.567 0.812  0.845  1.833  0.71  0.828  -1 0.955  1  0.626  0.431  -1  0.07  0.778  0.932  0.313  0.844  0.981 0.667 0.848  0  0.325 0.325 0.325  1.025  32  0  0  0  0 0 0  0  0  -1  -1  0  0  0  -1  -1  0.275  1  1.55  0.8  1  1  1  0.75  2  1  0
//Midday
187 193 200  113 119 125  39 45 50  -1  240  240  205 205 205  255 255 255  -1  -1  -1  -1  1  2500  350  58 72 40  199 230 196  0 0 0 240  0.48  0.285  0.8  3.33  132 136 140  0 0 0  0.4  180  1.5  1  1  1  16  128  1.46  256  0.08  217  0.12  10.31  9.66  9.39  -100  15  0.25  0.333 0.336 0.339  0.75 0.75 0.75  0.75 0.75 0.75  0.536 0.714 0.982  1  2  0.5  -1  -1  0.344 0.567 0.812  0.845  1.833  0.71  0.828  -1 0.955  1  0.626  0.431  -1  0.07  0.778  0.932  0.313  0.844  0.981 0.667 0.848  0  0.325 0.325 0.325  1.025  32  0  0  0  0 0 0  0  0  -1  -1  0  0  0  -1  -1  0.275  1  1.55  0.8  1  1  1  0.75  2  1  0
//6PM
187 193 200  113 119 125  39 45 50  -1  240  240  185 199 205  255 255 255  -1  -1  -1  -1  1  2500  350  58 72 40  199 230 196  0 0 0 240  0.48  0.285  0.8  3.33  132 136 140  0 0 0  0.4  180  1.5  1  1  1  16  128  1.46  256  0.08  217  0.12  10.31  9.66  9.39  -100  15  0.25  0.333 0.336 0.339  0.75 0.75 0.75  0.75 0.75 0.75  0.536 0.714 0.982  1  2  0.5  -1  -1  0.344 0.567 0.812  0.845  1.833  0.71  0.828  -1 0.955  1  0.626  0.431  -1  0.07  0.778  0.932  0.313  0.844  0.981 0.667 0.848  0  0.325 0.325 0.325  1.025  32  0  0  0  0 0 0  0  0  -1  -1  0  0  0  -1  -1  0.275  1  1.55  0.8  1  1  1  0.75  2  1  0
//7PM
161 179 200  113 119 125  39 45 50  -1  240  240  137 169 205  255 255 255  -1  -1  -1  -1  1  2500  350  58 72 40  199 230 196  0 0 0 240  0.48  0.285  0.8  3.33  132 136 140  0 0 0  0.4  180  1.5  1  1  1  16  128  1.46  256  0.08  217  0.12  10.31  9.66  9.39  -100  15  0.25  0.333 0.336 0.339  0.75 0.75 0.75  0.75 0.75 0.75  0.536 0.714 0.982  1  2  0.5  -1  -1  0.344 0.567 0.812  0.845  1.833  0.71  0.828  -1 0.955  1  0.626  0.431  -1  0.07  0.778  0.932  0.313  0.844  0.981 0.667 0.848  0  0.325 0.325 0.325  1.025  32  0  0  0  0 0 0  0  0  -1  -1  0  0  0  -1  -1  0.275  1  1.55  0.8  1  1  1  0.75  2  1  0
//8PM
141 169 200  113 119 125  39 45 50  -1  240  240  106 139 175  255 255 255  -1  -1  -1  -1  1  2500  350  58 72 40  199 230 196  0 0 0 240  0.48  0.285  0.8  3.33  132 136 140  0 0 0  0.4  180  1.5  1  1  1  16  128  1.46  256  0.08  217  0.12  9  9  9.39  -100  15  0.25  0.333 0.336 0.339  0.75 0.75 0.75  0.75 0.75 0.75  0.536 0.714 0.982  1  2  0.5  -1  -1  0.344 0.567 0.812  0.845  1.833  0.71  0.828  -1 0.955  1  0.626  0.431  -1  0.07  0.778  0.932  0.313  0.844  0.981 0.667 0.848  0  0.325 0.325 0.325  1.025  32  0  0  0  0 0 0  0  0  -1  -1  0  0  0  -1  -1  0.275  1  1.55  0.8  1  1  1  0.75  2  1  0
//9PM
80 90 100  91 95 100  39 45 50  -1  240  240  113 142 175  255 255 255  -1  -1  -1  -1  1  2500  350  58 72 40  199 230 196  0 0 0 240  0.48  0.285  0.8  3.33  188 194 200  0 0 0  0.4  180  1.5  1  1  1  16  128  1.46  256  0.08  217  0.12  3.25  2.5  3  -100  15  0.25  0.333 0.336 0.339  0.75 0.75 0.75  0.75 0.75 0.75  0.536 0.714 0.982  1  2  0  -1  -1  0.344 0.567 0.812  0.845  1.833  0.71  0.828  -1 0.955  1  0.626  0.431  -1  0.07  0.778  0.932  0.313  0.844  0.981 0.667 0.848  0  0.325 0.325 0.325  1.025  32  0  0  0  0 0 0  0  0  -1  -1  0  0  0  -1  -1  0.275  1  1.55  0.8  1  1  1  0.75  2  1  0
//10PM
80 92 100  80 92 100  0 0 0  -1  240  240  162 206 255  255 255 255  -1  -1  -1  -1  1  2500  350  58 72 40  199 230 196  0 0 0 240  0.48  0.285  0.8  3.33  202 209 215  0 0 0  0.4  180  1.5  1  1  1  16  128  1.46  256  0.08  217  0.12  2.5  2  1  -100  15  0.25  0.245575 0.247788 0.25  0 0 0  0 0 0  0.536 0.714 0.982  1  2  0  -1  -1  0.344 0.567 0.812  0.845  1.833  0.71  0.828  -1 0.955  1  0.626  0.431  -1  0.07  0.778  0.932  0.313  0.844  0.981 0.667 0.848  0  0.325 0.325 0.325  1.025  32  0  0  0  0 0 0  0  0  -1  -1  0  0  0  -1  -1  0.275  1  1.55  0.8  1  1  1  0.75  2  1  0

//LIGHTNING
////Midnight
78 73 58  81 79 53  84 84 48  -1  0  85  120 100 61  0 0 0  -1  -1  -1  -1  2.5  2500  250  119 120 120  105 105 105  5 10 15 125  0.48  2  0.35  2.85  74 62 45  0 0 0  0.25  250  1.25  1  1  1.5  16  128  1.46  256  0.11  77  0.12  1.11  1.32  0.5  0  10  1  0.225 0.235 0.24  0 0 0  0 0 0  0.594 0.749 0.844  1  0  0  -1  -1  0.714 0.805 0.9  1  0.905  0.58  0.77  -1 0.68  1  0.92  0.854  -1  0.01  0.425  0.285  0.788  0.83  0.62 0.8 0.95  0.925  0.85 0.775 0.55  26  32  0  0.685  0  24 25 26  0  0  -1  -1  0  0  0  -1  -1  0  0.3  2.375  0.8  1  1  1  0.75  2  1  0
//5AM
78 73 58  81 79 53  84 84 48  -1  33  21  85 74 51  255 255 255  -1  -1  -1  -1  2.5  2500  250  119 120 120  105 105 105  5 10 15 125  0.48  2  0.35  2.85  77 80 56  0 0 0  0.25  250  1.25  1  1  1.5  16  128  1.46  256  0.11  77  0.2  1.22  1.44  0.25  0  11  1  0.42 0.3864 0.336  0 0 0  0 0 0  0.514 0.711 0.83  1  0  0  -1  -1  0.255 0.619 0.884  0.95  0.875  0.51  0.655  -1 0.61  1  0.844  0.7  -1  0.01  0.375  0.21  0.644  0.747  0.555 0.732 0.806  0.925  0.85 0.775 0.55  26  32  0  0.685  0  24 25 26  0  0  -1  -1  0  0  0  -1  -1  0  0.3  2.625  0.9  1  1  1  0.75  2  1  0
//6AM
71 84 100  53 63 75  50 50 50  -1  33  107  139 194 255  255 255 255  -1  -1  -1  -1  1  2500  375  119 120 120  105 105 105  12 13 15 126  0.48  1.406  0.425  5.87  77 80 56  0 0 0  0.18  250  1.25  1  1  1  16  128  1.46  256  0.11  77  0.34  2.5  1  1  -100  12  1  0.116805 0.121283 0.128  0.2 0.2 0.2  0.2 0.2 0.2  0.284 0.286 0.303  1  2  0  -1  -1  0.318 0.294 0.4  0.75  0.89  0.25  0.133  -1 0.715  1  0.525  0.423  -1  0.05  0.18  0.54  0.65  0.105  0.404 0.435 0.484  0.91  0.159694 0.175 0.169898  1.425  32  0  0.685  0  24 25 26  0  0  -1  -1  0  0  0  -1  -1  0.197  1  2.025  0.9  1  1  1  0.75  2  1  0
//7AM
111 132 153  153 159 150  171 193 194  -1  104  188  64 94 128  255 255 255  -1  -1  -1  -1  1  2500  500  119 120 120  105 105 105  6 15 11 239  0.48  0.812  0.5  8.88  113 107 82  0 0 0  0.1  250  1.25  1  1  1  16  128  1.46  256  0.08  77  3.5  3.5  3.5  3.12  -100  14  1  0.4 0.45 0.425  0.4 0.4 0.4  0.4 0.4 0.4  0.374 0.34 0.392  1  2  1  -1  -1  0.266 0.313 0.481  0.818  0.945  0.4  0.227  -1 0.815  1  0.62  0.515  -1  0.05  0.255  0.606  0.707  0.159  0.512 0.537 0.574  0  0.577778 0.65 0.613889  1.425  32  0  0.685  0  24 25 26  0  0  -1  -1  0  0  0  -1  -1  0  1  1.95  1.3  1  1  1  0.725  2  1  0
//9AM
138 156 173  136 145 147  132 129 108  -1  174  187  83 107 128  255 255 255  -1  -1  -1  -1  1  2500  600  58 72 40  199 230 196  0 0 0 240  0.48  0.817  0.44  7.02  148 134 107  0 0 0  0.25  270  1.35  1  1  1  15.93  127.6  1.48  255.36  0.08  217  0.38  6.93  6  4.58  -100  15  0.8  0.4 0.43 0.42  0.44 0.32 0.2  0.44 0.44 0.44  0.439 0.49 0.628  1  2  0.75  -1  -1  0.297 0.415 0.613  0.829  1.3  0.524  0.467  -1 0.871  1  0.622  0.481  -1  0.058  0.464  0.736  0.549  0.433  0.7 0.589 0.684  0.192  0.375 0.454258 0.5  1.425  32  0  0.685  0  24 25 26  0  0  -1  -1  0  0  0  -1  -1  0.275  1  1.425  1  1  1  1  0.75  2  1  0
//Midday
179 191 204  109 118 127  39 44 50  -1  179  217  103 116 128  255 255 255  -1  -1  -1  -1  1  2500  750  58 72 40  199 230 196  0 0 0 240  0.48  0.825  0.35  4.24  142 136 120  0 0 0  0.5  300  1.5  1  1  1  15.93  127.6  1.48  255.36  0.08  217  0.24  9.62  8.95  6.78  -100  16  0.5  0.4 0.4 0.41  0.5 0.5 0.5  0.5 0.5 0.5  0.536 0.714 0.982  1  2  0.5  -1  -1  0.344 0.567 0.812  0.845  1.833  0.71  0.828  -1 0.955  1  0.626  0.431  -1  0.07  0.778  0.932  0.313  0.844  0.981 0.667 0.848  0.192  0.325 0.325 0.325  1.425  32  0  0.685  0  24 25 26  0  0  -1  -1  0  0  0  -1  -1  0.275  1  2.15  0.8  1  1  1  0.75  2  1  0
//6PM
164 183 204  109 118 127  39 44 50  -1  186  217  90 111 128  255 255 255  -1  -1  -1  -1  1  2500  750  58 72 40  199 230 196  0 0 0 240  0.48  0.825  0.35  4.24  132 139 140  0 0 0  0.5  300  1.5  1  1  1  15.93  127.6  1.48  255.36  0.08  217  0.24  9.62  8.95  6.78  -100  16  0.5  0.4 0.4 0.41  0.5 0.5 0.5  0.5 0.5 0.5  0.536 0.714 0.982  1  2  0.5  -1  -1  0.344 0.567 0.812  0.845  1.833  0.71  0.828  -1 0.955  1  0.626  0.431  -1  0.07  0.778  0.932  0.313  0.844  0.981 0.667 0.848  0.192  0.325 0.325 0.325  1.425  32  0  0  0  0 0 0  0  0  -1  -1  0  0  0  -1  -1  0.275  1  2.1  0.9  1  1  1  0.75  2  1  0
//7PM
122 132 141  159 146 143  196 159 145  -1  186  187  165 207 255  255 255 255  -1  -1  -1  -1  1  2500  500  119 120 120  105 105 105  6 15 11 125  0.48  0.95  0.5  6.5  132 139 140  0 0 0  0.15  250  1.25  1  1  1  16  128  1.46  256  0.11  77  0.14  4.75  3.33  3.8  -100  14  0.583  0.4 0.45 0.425  0.4 0.4 0.4  0.4 0.4 0.4  0.3 0.318 0.355  1  2  0.25  -1  -1  0.299 0.384 0.416  0.865  0.92  0.35  0.285  -1 0.777  1  0.65  0.555  -1  0.05  0.228  0.584  0.769  0.134  0.582 0.566 0.572  0.925  0.355555 0.4 0.377778  1.425  32  0  0.685  0  24 25 26  0  0  -1  -1  0  0  0  -1  -1  0  1  1.775  0.85  1  1  1  0.75  2  1  0
//8PM
113 120 124  143 133 125  174 144 126  -1  162  154  126 183 207  255 255 255  -1  -1  -1  -1  1  2500  750  119 120 120  105 105 105  13 11 9 239  0.48  1.16  0.425  5.77  149 123 106  0 0 0  0.17  250  1.25  1  1  1  16  128  1.46  256  0.08  77  0.14  4.02  2.93  3.14  -100  13  0.667  0.365 0.407 0.388  0.45 0.45 0.45  0.45 0.3 0.25  0.359 0.404 0.453  1  2  4  -1  -1  0.382 0.468 0.513  0.892  0.917  0.396  0.375  -1 0.778  1  0.704  0.615  -1  0.05  0.267  0.524  0.773  0.273  0.57 0.613 0.648  0.14  0.3 0.24671 0.15  1.425  32  0  0.685  0  24 25 26  0  0  -1  -1  0  0  0  -1  -1  0.45  1  1.575  1.5  1  1  1  0.701  2  1  0
//9PM
104 108 108  103 127 128  107 148 151  -1  136  121  87 129 177  0 0 0  -1  -1  -1  -1  2.5  2500  1000  69 86 48  199 230 196  5 10 15 240  0.48  1.37  0.35  4.31  90 99 100  0 0 0  0.19  250  1.25  1  1  1.5  15.93  127.58  1.48  255.32  0.08  217  0.13  3.29  2.53  2.48  0  12  0.75  0.33 0.364 0.351  0.5 0.5 0.5  0.5 0.5 0.5  0.418 0.49 0.451  1  0  0  -1  -1  0.465 0.552 0.61  0.919  0.914  0.442  0.464  -1 0.779  1  0.758  0.675  -1  0.03  0.307  0.464  0.777  0.412  0.557 0.66 0.723  0.192  0.15 0.1 0.0166667  1.425  32  0.004  0.685  0  24 25 26  0  0  -1  -1  0  0  0  -1  -1  0.275  1  2.125  0.75  1  1  1  1  2  1  0
//10PM
75 83 87  89 105 112  87 117 129  -1  110  87  72 107 147  0 0 0  -1  -1  -1  -1  2.5  2500  500  69 86 48  199 230 196  5 10 15 240  0.48  1.58  0.35  3.58  92 118 120  0 0 0  0.21  250  1.25  1  1  1.5  15.93  127.58  1.48  255.32  0.08  217  0.13  2.57  2.12  1.82  0  12  0.833  0.295 0.321 0.314  0.5 0.5 0.5  0.5 0.5 0.5  0.476 0.577 0.648  1  0  0  -1  -1  0.548 0.637 0.706  0.946  0.911  0.488  0.554  -1 0.781  1  0.812  0.734  -1  0.01  0.346  0.405  0.78  0.552  0.545 0.706 0.799  0.14  0.5525 0.716138 0.85  1.425  32  0  0.685  0  24 25 26  0  0  -1  -1  0  0  0  -1  -1  0.275  1  1.65  0.8  1  1  1  0.95  2  1  0

//TEMP
////Midnight
120 94 75  150 122 92  180 150 109  -1  0  97  86 66 50  0 0 0  -1  -1  -1  -1  2.5  2500  200  35 9 10  26 30 36  43 48 54 154  0.24  2  0.65  3.62  89 70 47  0 0 0  0.2  200  1.25  1  1  1.5  15.75  182.64  19.88  256  0  0  0.11  1.24  1.48  0.32  0  16  0.275  0.28 0.2 0.12  0 0 0  0 0 0  0 0 0  1  0  0  -1  -1  0 0 0  0  0  0  0  -1 0  0  0  0  -1  0  0  0  0  0  0 0 0  0  0.05 0.05 0.05  0  0  0  0  0  0 0 0  0  0  -1  -1  0  0  0  -1  -1  0  0  3.498  0.75  2  1  1  0.2  2  1  0
//5AM
120 94 75  150 122 92  180 150 109  -1  124  97  86 66 50  41 39 39  -1  -1  -1  -1  2.5  2500  200  35 9 10  26 30 36  45 45 45 168  0.24  1.65  0.65  3.42  89 70 47  0 0 0  0.2  200  1.25  1  1  1.5  15.79  174.12  16.93  256  0.03  0  0.11  1.24  1.48  0.16  0  17  0.275  0.28 0.2 0.12  0 0 0  0 0 0  0 0 0  1  0  0  -1  -1  0 0 0  0  0  0  0  -1 0  0  0  0  -1  0  0  0  0  0  0 0 0  0  0.05 0.05 0.05  0  0  0  0  0  0 0 0  0  0  -1  -1  0  0  0  -1  -1  0.141  0.428  1  1  2  1  1  0.2  2  1  0
//6AM
96 125 162  119 140 172  240 144 83  -1  124  73  32 32 36  255 255 255  -1  -1  -1  -1  1  2500  25000  113 115 113  106 105 102  56 30 3 239  0.2  0.225  0.35  2.49  75 61 61  0 0 0  0.5  800  1.5  1  1  1  16.01  131.49  2.19  254.89  0.17  71  9.13  5.24  7.31  5.07  0  18  0.25  0.31 0.44 0.545  1 0.25 -0.45  0.5 0.25 -0.25  0 0 0  1  3.5  4.5  -1  -1  0 0 0  0  0  0  0  -1 0  0  0  0  -1  0  0  0  0  0  0 0 0  0  1 0.69 0.13  0  0  0  0  0  0 0 0  0  0  -1  -1  0  0  0  -1  -1  0.216  1  1.061  1  1  1  1  0.9  2  1  0
//7AM
96 125 162  119 140 172  240 144 83  -1  68  90  32 36 36  255 255 255  -1  -1  -1  -1  1  2500  5000  119 120 120  105 105 105  10 6 2 239  0.2  0.25  0.15  2.39  77 64 60  0 0 0  0.7  750  1.5  1  1  1  15.99  127.95  1.46  255.92  0.17  77  11.48  7.14  9.22  10.14  0  20  0.2  0.61 0.74 0.945  1 0.25 -0.45  0.35 0.2 -0.2  0 0 0  1  2.5  4.5  -1  -1  0 0 0  0  0  0  0  -1 0  0  0  0  -1  0  0  0  0  0  0 0 0  0  0.885 0.585 0.125  0  0  0  0  0  0 0 0  0  0  -1  -1  0  0  0  -1  -1  0.225  1  1.05  1  1  1  1  0.6  2  1  0
//9AM
106 136 174  152 168 189  248 195 154  -1  115  36  94 61 28  255 255 255  -1  -1  -1  -1  1  2500  815  58 72 40  199 230 196  6 14 18 240  0.2  0.215  0.1  2.5  97 61 39  0 0 0  0.75  725  1.6  1  1  1  16  128  1.53  256  0.1  217  12.23  9.24  11.08  11.24  0  23  0.2  0.423 0.562 0.747  0.95 0.55 0  0.5 0.35 0  1 1 1  1  3  0.5  -1  -1  1 1 1  0  0  0  0  -1 0  1  1  1  -1  1  1  1  0  0  0 0 0  0  0.95 0.65 0.3  0  0  0  0  0  0 0 0  0  0  -1  -1  0  0  0  -1  -1  0.2  1  1  0.8  1  1  1  0.7  2  1  0
//Midday
115 147 185  185 196 205  255 245 225  -1  56  82  35 55 87  255 255 255  -1  -1  -1  -1  1  2500  400  119 120 120  106 106 106  7 22 23 125  0.2  0.25  0.05  2.36  56 100 148  0 0 0  0.85  800  1.7  1  1  1  16  128  1.46  256  0.11  77  12.42  9.56  10.74  12.12  0  30  0.2  0.464 0.511 0.653  1 1 0.35  1 1 0.35  1 1 1  1  4.256  0.3  -1  -1  1 1 1  0  0  0  0  -1 0  1  1  1  -1  1  1  1  0  0  0 0 0  0  0.85 0.75 0.7  0  0  0  0  0  0 0 0  0  0  -1  -1  0  0  0  -1  -1  0  1  1  0.8  1  1  1  0.75  2  1  0
//6PM
102 136 179  165 179 190  255 228 174  -1  60  82  35 55 87  255 255 255  -1  -1  -1  -1  1  2500  650  58 72 40  199 230 196  6 14 18 240  0.2  0.2  0.1  2.48  69 123 184  0 0 0  0.75  750  1.65  1  1  1  16  128  1.53  256  0.1  217  12.08  9.64  10.38  11.32  0  22  0.2  0.463 0.516 0.642  1 1 0.35  1 1 0.35  1 1 1  1  4  0.3  -1  -1  1 1 1  0  0  0  0  -1 0  1  1  1  -1  1  1  1  0  0  0 0 0  0  0.85 0.75 0.7  0  0  0  0  0  0 0 0  0  0  -1  -1  0  0  0  -1  -1  0.2  1  1  1  1  1  1  0.7  2  1  0
//7PM
114 124 148  173 124 118  231 124 88  -1  60  92  68 60 63  255 255 255  -1  -1  -1  -1  1  2500  2500  119 120 120  105 105 105  10 6 2 239  0.2  0.25  0.25  2.52  78 58 69  0 0 0  0.65  700  1.6  1  1  1  15.99  127.95  1.46  255.92  0.17  77  10.21  7.24  9.37  12.15  0  20  0.2  0.72 0.745 0.71  0.15 -0.05 -0.1  1 0.1 -0.5  0 0 0  1  2.5  4.5  -1  -1  0 0 0  0  0  0  0  -1 0  0  0  0  -1  0  0  0  0  0  0 0 0  0  0.94 0.42 0.06  0  0  0  0  0  0 0 0  0  0  -1  -1  0  0  0  -1  -1  0.225  1  1.05  1  1  1  1  0.6  2  1  0
//8PM
113 126 153  145 128 141  176 130 128  -1  73  47  103 62 47  255 255 255  -1  -1  -1  -1  1  2500  25000  119 120 120  105 105 105  28 28 28 239  0.2  0.126  0.25  2.8  85 54 51  0 0 0  0.6  600  1.55  1  1  1  16  128  1.46  256  0.17  77  9.28  7.63  7.14  12.18  0  20  0.2  0.404 0.477 0.524  0.5 0.1 -0.05  1 0 -1.5  0 0 0  1  8  4  -1  -1  0 0 0  0  0  0  0  -1 0  0  0  0  -1  0  0  0  0  0  0 0 0  0  0.84 0.42 0.1  0  0  0  0  0  0 0 0  0  0  -1  -1  0  0  0  -1  -1  0.225  1  1.05  1  1  1  1  0.7  2  1  0
//9PM
122 150 177  187 178 170  251 196 162  -1  54  91  15 51 91  255 255 255  -1  -1  -1  -1  1  2500  25000  117 117 117  105 105 105  20 20 20 239  0.24  0.315  0.15  3  128 150 200  0 0 0  0.55  600  1.5  1  1  1.25  16  128  3.66  256  0.17  77  0.83  7.55  7.21  10.14  0  18  0.25  0.372 0.421 0.463  0 0 0  0 0 0  0 0 0  1  0  0  -1  -1  0 0 0  0  0  0  0  -1 1  0  0  0  -1  0  0  0  0  0  0 0 0  0  1 0.81 0.71  0  0  0  0  0  0 0 0  0  0  -1  -1  0  0  0  -1  -1  0.225  1  1.05  0.8  1  1  1  0.7  2  1  0
//10PM
136 147 164  194 185 175  252 222 186  -1  51  91  15 51 91  255 255 255  -1  -1  -1  -1  1  2500  25000  35 9 10  26 30 36  43 48 54 154  0.36  0.225  0.2  2.98  149 177 179  0 0 0  0.5  450  1.5  1  1  1.25  15.67  181.86  19.86  255.19  0  0  0.87  4.2  6.48  5.25  0  17  0.25  0.242 0.317 0.363  0 0 0  0 0 0  0 0 0  0  0  0  -1  -1  0 0 0  0  0  0  0  -1 0  0  0  0  -1  0  0  0  0  0  0 0 0  0  1 0.81 0.71  0  0  0  0  0  0 0 0  0  0  -1  -1  0  0  0  -1  -1  0.126  0.314  1.749  0.75  2  1  1  0.8  2  1  0
